,mean_fit_time,mean_score_time,mean_test_score,mean_train_score,param_C,param_penalty,params,rank_test_score,split0_test_score,split0_train_score,split1_test_score,split1_train_score,std_fit_time,std_score_time,std_test_score,std_train_score
0,0.00650000572205,0.000499963760376,0.755789473684,0.806600595702,1,l1,"{'penalty': 'l1', 'C': 1}",19,0.719665271967,0.851694915254,0.792372881356,0.761506276151,0.00349998474121,0.000499963760376,0.0363530796254,0.0450943195518
1,0.00199997425079,0.0,0.757894736842,0.80871923977,1,l2,"{'penalty': 'l2', 'C': 1}",11,0.728033472803,0.85593220339,0.78813559322,0.761506276151,1.19209289551e-07,0.0,0.0300504608462,0.0472129636196
2,0.00650000572205,0.000499963760376,0.757894736842,0.82137791646,2,l1,"{'penalty': 'l1', 'C': 2}",11,0.723849372385,0.872881355932,0.792372881356,0.769874476987,0.000499963760376,0.000499963760376,0.0342610711418,0.0515034394724
3,0.00100016593933,0.000999927520752,0.757894736842,0.810811289979,2,l2,"{'penalty': 'l2', 'C': 2}",11,0.728033472803,0.85593220339,0.78813559322,0.765690376569,0.0,0.0,0.0300504608462,0.0451209134104
4,0.00550007820129,0.0,0.76,0.827707254805,3,l1,"{'penalty': 'l1', 'C': 3}",1,0.728033472803,0.881355932203,0.792372881356,0.774058577406,0.000499963760376,0.0,0.0321690626581,0.0536486773988
5,0.000999927520752,0.0,0.755789473684,0.810784696121,3,l2,"{'penalty': 'l2', 'C': 3}",19,0.723849372385,0.851694915254,0.78813559322,0.769874476987,0.0,0.0,0.0321424693299,0.0409102191334
6,0.00799989700317,0.0,0.76,0.836128643359,4,l1,"{'penalty': 'l1', 'C': 4}",1,0.728033472803,0.889830508475,0.792372881356,0.782426778243,0.00200009346008,0.0,0.0321690626581,0.0537018651159
7,0.000999927520752,0.0,0.76,0.810784696121,4,l2,"{'penalty': 'l2', 'C': 4}",1,0.728033472803,0.851694915254,0.792372881356,0.769874476987,0.0,0.0,0.0321690626581,0.0409102191334
8,0.00699996948242,0.0,0.76,0.840339337636,5,l1,"{'penalty': 'l1', 'C': 5}",1,0.728033472803,0.89406779661,0.792372881356,0.786610878661,0.0019998550415,0.0,0.0321690626581,0.0537284589745
9,0.000999927520752,0.00100004673004,0.76,0.815021984256,5,l2,"{'penalty': 'l2', 'C': 5}",1,0.728033472803,0.860169491525,0.792372881356,0.769874476987,0.0,1.19209289551e-07,0.0321690626581,0.045147507269
10,0.00849997997284,0.0,0.757894736842,0.842431387845,6,l1,"{'penalty': 'l1', 'C': 6}",11,0.728033472803,0.89406779661,0.78813559322,0.790794979079,0.00450003147125,0.0,0.0300504608462,0.0516364087653
11,0.00100016593933,0.0,0.76,0.817140628324,6,l2,"{'penalty': 'l2', 'C': 6}",1,0.728033472803,0.864406779661,0.792372881356,0.769874476987,0.0,0.0,0.0321690626581,0.0472661513368
12,0.00750005245209,0.0,0.757894736842,0.842431387845,7,l1,"{'penalty': 'l1', 'C': 7}",11,0.728033472803,0.89406779661,0.78813559322,0.790794979079,0.00450003147125,0.0,0.0300504608462,0.0516364087653
13,0.00150001049042,0.000499963760376,0.76,0.817140628324,7,l2,"{'penalty': 'l2', 'C': 7}",1,0.728033472803,0.864406779661,0.792372881356,0.769874476987,0.000500082969666,0.000499963760376,0.0321690626581,0.0472661513368
14,0.00799989700317,0.000499963760376,0.757894736842,0.842431387845,8,l1,"{'penalty': 'l1', 'C': 8}",11,0.728033472803,0.89406779661,0.78813559322,0.790794979079,0.00300002098083,0.000499963760376,0.0300504608462,0.0516364087653
15,0.00149989128113,0.000499963760376,0.76,0.817140628324,8,l2,"{'penalty': 'l2', 'C': 8}",1,0.728033472803,0.864406779661,0.792372881356,0.769874476987,0.000499963760376,0.000499963760376,0.0321690626581,0.0472661513368
16,0.00750005245209,0.000499963760376,0.757894736842,0.842431387845,9,l1,"{'penalty': 'l1', 'C': 9}",11,0.728033472803,0.89406779661,0.78813559322,0.790794979079,0.0035001039505,0.000499963760376,0.0300504608462,0.0516364087653
17,0.00150001049042,0.0,0.76,0.819259272392,9,l2,"{'penalty': 'l2', 'C': 9}",1,0.728033472803,0.868644067797,0.792372881356,0.769874476987,0.000500082969666,0.0,0.0321690626581,0.0493847954046
18,0.00849997997284,0.000499963760376,0.757894736842,0.842431387845,10,l1,"{'penalty': 'l1', 'C': 10}",11,0.728033472803,0.89406779661,0.78813559322,0.790794979079,0.00249993801117,0.000499963760376,0.0300504608462,0.0516364087653
19,0.000999927520752,0.000500082969666,0.76,0.819259272392,10,l2,"{'penalty': 'l2', 'C': 10}",1,0.728033472803,0.868644067797,0.792372881356,0.769874476987,0.0,0.000500082969666,0.0321690626581,0.0493847954046
