,mean_fit_time,mean_score_time,mean_test_score,mean_train_score,param_C,param_penalty,params,rank_test_score,split0_test_score,split0_train_score,split1_test_score,split1_train_score,std_fit_time,std_score_time,std_test_score,std_train_score
0,0.00249993801117,0.000500082969666,0.728421052632,0.905352457273,1,l1,"{'penalty': 'l1', 'C': 1}",20,0.682008368201,0.919491525424,0.775423728814,0.891213389121,0.000500082969666,0.000500082969666,0.0467067487311,0.0141390681512
1,0.00199997425079,0.000500082969666,0.753684210526,0.905352457273,1,l2,"{'penalty': 'l2', 'C': 1}",19,0.719665271967,0.919491525424,0.78813559322,0.891213389121,1.19209289551e-07,0.000500082969666,0.0342344778136,0.0141390681512
2,0.00300002098083,0.000500082969666,0.762105263158,0.924393660024,2,l1,"{'penalty': 'l1', 'C': 2}",17,0.723849372385,0.953389830508,0.800847457627,0.89539748954,0.0,0.000500082969666,0.0384982747655,0.0289961704844
3,0.00200009346008,0.000499963760376,0.76,0.911734983335,2,l2,"{'penalty': 'l2', 'C': 2}",18,0.719665271967,0.936440677966,0.800847457627,0.887029288703,0.0,0.000499963760376,0.0405902832492,0.0247056946316
4,0.00450003147125,0.0,0.787368421053,0.936999148997,3,l1,"{'penalty': 'l1', 'C': 3}",9,0.740585774059,0.96186440678,0.834745762712,0.912133891213,0.000500082969666,0.0,0.0470790553257,0.0248652577831
5,0.00200009346008,0.000499963760376,0.772631578947,0.918064321679,3,l2,"{'penalty': 'l2', 'C': 3}",16,0.732217573222,0.944915254237,0.813559322034,0.891213389121,0.0,0.000499963760376,0.0406700632337,0.026850932558
6,0.00650000572205,0.000500082969666,0.795789473684,0.945367349833,4,l1,"{'penalty': 'l1', 'C': 4}",7,0.740585774059,0.96186440678,0.851694915254,0.928870292887,0.000499963760376,0.000500082969666,0.0555534625732,0.0164970569463
7,0.00150001049042,0.000499963760376,0.776842105263,0.924367066166,4,l2,"{'penalty': 'l2', 'C': 4}",15,0.732217573222,0.949152542373,0.822033898305,0.899581589958,0.000500082969666,0.000499963760376,0.0449072668575,0.0247854762074
8,0.00899994373322,0.0,0.8,0.947432806184,5,l1,"{'penalty': 'l1', 'C': 5}",5,0.73640167364,0.957627118644,0.864406779661,0.937238493724,1.19209289551e-07,0.0,0.0640012764925,0.0101943124601
9,0.00150001049042,0.0,0.785263157895,0.926459116375,5,l2,"{'penalty': 'l2', 'C': 5}",12,0.740585774059,0.949152542373,0.830508474576,0.903765690377,0.000499844551086,0.0,0.0449604535138,0.0226934259982
10,0.0104999542236,0.000499963760376,0.797894736842,0.943248705766,6,l1,"{'penalty': 'l1', 'C': 6}",6,0.732217573222,0.957627118644,0.864406779661,0.928870292887,0.00250005722046,0.000499963760376,0.0660932849762,0.0143784128785
11,0.00199997425079,0.0,0.787368421053,0.928551166584,6,l2,"{'penalty': 'l2', 'C': 6}",9,0.740585774059,0.949152542373,0.834745762712,0.907949790795,1.19209289551e-07,0.0,0.0470790553257,0.020601375789
12,0.0130000114441,0.000499963760376,0.810526315789,0.943248705766,7,l1,"{'penalty': 'l1', 'C': 7}",1,0.73640167364,0.957627118644,0.885593220339,0.928870292887,0.00300002098083,0.000499963760376,0.0745942855518,0.0143784128785
13,0.00250005722046,0.000499963760376,0.785263157895,0.93278845472,7,l2,"{'penalty': 'l2', 'C': 7}",12,0.73640167364,0.957627118644,0.834745762712,0.907949790795,0.000499963760376,0.000499963760376,0.0491710638094,0.0248386639245
14,0.0124999284744,0.000499963760376,0.810526315789,0.945367349833,8,l1,"{'penalty': 'l1', 'C': 8}",1,0.732217573222,0.96186440678,0.889830508475,0.928870292887,0.00150001049042,0.000499963760376,0.0788048958474,0.0164970569463
15,0.0019998550415,0.00100004673004,0.785263157895,0.934880504929,8,l2,"{'penalty': 'l2', 'C': 8}",12,0.73640167364,0.957627118644,0.834745762712,0.912133891213,0.000999927520752,1.19209289551e-07,0.0491710638094,0.0227466137153
16,0.011500120163,0.000999927520752,0.810526315789,0.945367349833,9,l1,"{'penalty': 'l1', 'C': 9}",1,0.732217573222,0.96186440678,0.889830508475,0.928870292887,0.00449991226196,0.0,0.0788048958474,0.0164970569463
17,0.00249993801117,0.0,0.787368421053,0.936972555138,9,l2,"{'penalty': 'l2', 'C': 9}",9,0.73640167364,0.957627118644,0.838983050847,0.916317991632,0.000500082969666,0.0,0.0512896656213,0.0206545635061
18,0.0110000371933,0.0,0.810526315789,0.945367349833,10,l1,"{'penalty': 'l1', 'C': 10}",1,0.732217573222,0.96186440678,0.889830508475,0.928870292887,0.00299990177155,0.0,0.0788048958474,0.0164970569463
19,0.00300002098083,0.0,0.789473684211,0.939064605347,10,l2,"{'penalty': 'l2', 'C': 10}",8,0.73640167364,0.957627118644,0.843220338983,0.92050209205,0.000999927520752,0.0,0.0534082674331,0.0185625132969
