,mean_fit_time,mean_score_time,mean_test_score,mean_train_score,param_C,param_penalty,params,rank_test_score,split0_test_score,split0_train_score,split1_test_score,split1_train_score,std_fit_time,std_score_time,std_test_score,std_train_score
0,0.00250005722046,0.0,0.789473684211,0.876063754344,1,l1,"{'penalty': 'l1', 'C': 1}",2,0.694560669456,0.919491525424,0.885593220339,0.832635983264,0.000499963760376,0.0,0.0955143703887,0.0434277710801
1,0.00199997425079,0.000500082969666,0.787368421053,0.874024891852,1,l2,"{'penalty': 'l2', 'C': 1}",5,0.690376569038,0.927966101695,0.885593220339,0.820083682008,0.00100004673004,0.000500082969666,0.0976063788724,0.0539412098433
2,0.00399994850159,0.0,0.787368421053,0.903393376356,2,l1,"{'penalty': 'l1', 'C': 2}",5,0.707112970711,0.940677966102,0.868644067797,0.866108786611,0.000999927520752,0.0,0.0807639376902,0.0372845897454
3,0.00150001049042,0.000500082969666,0.791578947368,0.888722431033,2,l2,"{'penalty': 'l2', 'C': 2}",1,0.698744769874,0.936440677966,0.885593220339,0.8410041841,0.000500082969666,0.000500082969666,0.093422361905,0.0477182469328
4,0.005499958992,0.0,0.783157894737,0.91181476491,3,l1,"{'penalty': 'l1', 'C': 3}",15,0.702928870293,0.949152542373,0.864406779661,0.874476987448,0.000499844551086,0.0,0.080737344362,0.0373377774626
5,0.00150001049042,0.00100004673004,0.781052631579,0.895025175519,3,l2,"{'penalty': 'l2', 'C': 3}",18,0.707112970711,0.940677966102,0.85593220339,0.849372384937,0.000500082969666,1.19209289551e-07,0.0744081322546,0.0456527905822
6,0.0074999332428,0.0,0.785263157895,0.922301609815,4,l1,"{'penalty': 'l1', 'C': 4}",9,0.707112970711,0.953389830508,0.864406779661,0.891213389121,0.000499963760376,0.0,0.0786453358783,0.0310882206936
7,0.00200009346008,0.0,0.778947368421,0.895025175519,4,l2,"{'penalty': 'l2', 'C': 4}",20,0.702928870293,0.940677966102,0.85593220339,0.849372384937,0.0,0.0,0.0765001407382,0.0456527905822
8,0.00849986076355,0.000500082969666,0.787368421053,0.93278845472,5,l1,"{'penalty': 'l1', 'C': 5}",5,0.71129707113,0.957627118644,0.864406779661,0.907949790795,0.000499963760376,0.000500082969666,0.0765533273946,0.0248386639245
9,0.00149989128113,0.000500082969666,0.781052631579,0.897117225729,5,l2,"{'penalty': 'l2', 'C': 5}",18,0.707112970711,0.940677966102,0.85593220339,0.853556485356,0.000499963760376,0.000500082969666,0.0744081322546,0.043560740373
10,0.0104999542236,0.0,0.787368421053,0.93278845472,6,l1,"{'penalty': 'l1', 'C': 6}",5,0.71129707113,0.957627118644,0.864406779661,0.907949790795,0.00250005722046,0.0,0.0765533273946,0.0248386639245
11,0.00299990177155,0.000500082969666,0.783157894737,0.903393376356,6,l2,"{'penalty': 'l2', 'C': 6}",15,0.707112970711,0.940677966102,0.860169491525,0.866108786611,0.00100004673004,0.000500082969666,0.0765267340664,0.0372845897454
12,0.0164999961853,0.000500082969666,0.789473684211,0.93278845472,7,l1,"{'penalty': 'l1', 'C': 7}",2,0.715481171548,0.957627118644,0.864406779661,0.907949790795,0.000499963760376,0.000500082969666,0.0744613189109,0.0248386639245
13,0.00250005722046,0.000999927520752,0.785263157895,0.903393376356,7,l2,"{'penalty': 'l2', 'C': 7}",9,0.71129707113,0.940677966102,0.860169491525,0.866108786611,0.000499963760376,0.0,0.0744347255827,0.0372845897454
14,0.0130000114441,0.0,0.789473684211,0.93278845472,8,l1,"{'penalty': 'l1', 'C': 8}",2,0.715481171548,0.957627118644,0.864406779661,0.907949790795,0.000999927520752,0.0,0.0744613189109,0.0248386639245
15,0.00299990177155,0.0,0.785263157895,0.903393376356,8,l2,"{'penalty': 'l2', 'C': 8}",9,0.71129707113,0.940677966102,0.860169491525,0.866108786611,0.00100004673004,0.0,0.0744347255827,0.0372845897454
16,0.0149999856949,0.000499963760376,0.785263157895,0.93278845472,9,l1,"{'penalty': 'l1', 'C': 9}",9,0.707112970711,0.957627118644,0.864406779661,0.907949790795,0.00100004673004,0.000499963760376,0.0786453358783,0.0248386639245
17,0.00249993801117,0.0,0.785263157895,0.903393376356,9,l2,"{'penalty': 'l2', 'C': 9}",9,0.71129707113,0.940677966102,0.860169491525,0.866108786611,0.000500082969666,0.0,0.0744347255827,0.0372845897454
18,0.0130000114441,0.0,0.783157894737,0.934907098787,10,l1,"{'penalty': 'l1', 'C': 10}",15,0.707112970711,0.96186440678,0.860169491525,0.907949790795,0.00200009346008,0.0,0.0765267340664,0.0269573079923
19,0.00300002098083,0.000500082969666,0.785263157895,0.905485426565,10,l2,"{'penalty': 'l2', 'C': 10}",9,0.71129707113,0.940677966102,0.860169491525,0.870292887029,0.00100016593933,0.000500082969666,0.0744347255827,0.0351925395362
