,mean_fit_time,mean_score_time,mean_test_score,mean_train_score,param_C,param_penalty,params,rank_test_score,split0_test_score,split0_train_score,split1_test_score,split1_train_score,std_fit_time,std_score_time,std_test_score,std_train_score
0,0.00299990177155,0.0,0.696842105263,0.829772711155,1,l1,"{'penalty': 'l1', 'C': 1}",20,0.669456066946,0.877118644068,0.724576271186,0.782426778243,1.19209289551e-07,0.0,0.0275595524398,0.0473459329126
1,0.00199997425079,0.00100004673004,0.722105263158,0.838220693568,1,l2,"{'penalty': 'l2', 'C': 1}",14,0.673640167364,0.889830508475,0.771186440678,0.786610878661,1.19209289551e-07,1.19209289551e-07,0.0487721638867,0.0516098149067
2,0.00600004196167,0.000499963760376,0.717894736842,0.842378200128,2,l1,"{'penalty': 'l1', 'C': 2}",19,0.669456066946,0.885593220339,0.766949152542,0.799163179916,0.00300002098083,0.000499963760376,0.0487455705585,0.0432150202113
3,0.00250005722046,0.0,0.728421052632,0.842404793986,2,l2,"{'penalty': 'l2', 'C': 2}",11,0.65690376569,0.889830508475,0.800847457627,0.794979079498,0.000499963760376,0.0,0.0719704105045,0.0474257144883
4,0.00650000572205,0.000499963760376,0.745263157895,0.852838451174,3,l1,"{'penalty': 'l1', 'C': 3}",7,0.682008368201,0.885593220339,0.809322033898,0.820083682008,0.000499963760376,0.000499963760376,0.0636555632261,0.0327547691653
5,0.00250005722046,0.0,0.734736842105,0.844496844195,3,l2,"{'penalty': 'l2', 'C': 3}",9,0.65690376569,0.889830508475,0.813559322034,0.799163179916,0.000499963760376,0.0,0.0783262159401,0.0453336642791
6,0.0090000629425,0.0,0.734736842105,0.85914119566,4,l1,"{'penalty': 'l1', 'C': 4}",9,0.661087866109,0.889830508475,0.809322033898,0.828451882845,0.000999927520752,0.0,0.0741156056445,0.0306893128147
7,0.00200009346008,0.0,0.745263157895,0.848707538472,4,l2,"{'penalty': 'l2', 'C': 4}",7,0.665271966527,0.89406779661,0.826271186441,0.803347280335,0.000999927520752,0.0,0.0804980044083,0.0453602581377
8,0.0104999542236,0.0,0.728421052632,0.857022551592,5,l1,"{'penalty': 'l1', 'C': 5}",11,0.652719665272,0.885593220339,0.805084745763,0.828451882845,0.00149989128113,0.0,0.0761810208001,0.0285706687469
9,0.00250005722046,0.0,0.749473684211,0.852865045032,5,l2,"{'penalty': 'l2', 'C': 5}",6,0.669456066946,0.889830508475,0.830508474576,0.81589958159,0.000499963760376,0.0,0.0805245977365,0.0369654634423
10,0.0115000009537,0.0,0.722105263158,0.857049145451,6,l1,"{'penalty': 'l1', 'C': 6}",14,0.648535564854,0.889830508475,0.796610169492,0.824267782427,0.000500082969666,0.0,0.07403582566,0.0327813630239
11,0.00249993801117,0.000500082969666,0.751578947368,0.857049145451,6,l2,"{'penalty': 'l2', 'C': 6}",2,0.673640167364,0.889830508475,0.830508474576,0.824267782427,0.000500082969666,0.000500082969666,0.0784325892528,0.0327813630239
12,0.0124999284744,0.000499963760376,0.722105263158,0.861286433586,7,l1,"{'penalty': 'l1', 'C': 7}",14,0.648535564854,0.898305084746,0.796610169492,0.824267782427,0.000500082969666,0.000499963760376,0.07403582566,0.0370186511595
13,0.00200009346008,0.00100004673004,0.751578947368,0.861286433586,7,l2,"{'penalty': 'l2', 'C': 7}",2,0.673640167364,0.898305084746,0.830508474576,0.824267782427,0.000999927520752,1.19209289551e-07,0.0784325892528,0.0370186511595
14,0.0110000371933,0.000499963760376,0.726315789474,0.863378483795,8,l1,"{'penalty': 'l1', 'C': 8}",13,0.648535564854,0.898305084746,0.805084745763,0.828451882845,0.00100004673004,0.000499963760376,0.0782730292837,0.0349266009503
15,0.00249993801117,0.0,0.751578947368,0.861286433586,8,l2,"{'penalty': 'l2', 'C': 8}",2,0.673640167364,0.898305084746,0.830508474576,0.824267782427,0.000499844551086,0.0,0.0784325892528,0.0370186511595
16,0.0135000944138,0.000999927520752,0.72,0.865497127863,9,l1,"{'penalty': 'l1', 'C': 9}",18,0.644351464435,0.902542372881,0.796610169492,0.828451882845,0.00150001049042,0.0,0.0761278341437,0.0370452450181
17,0.00300002098083,0.0,0.751578947368,0.863378483795,9,l2,"{'penalty': 'l2', 'C': 9}",2,0.669456066946,0.898305084746,0.834745762712,0.828451882845,0.000999927520752,0.0,0.0826431995484,0.0349266009503
18,0.0144999027252,0.000499963760376,0.722105263158,0.863405077654,10,l1,"{'penalty': 'l1', 'C': 10}",14,0.644351464435,0.902542372881,0.800847457627,0.824267782427,0.00250005722046,0.000499963760376,0.0782464359556,0.0391372952273
19,0.00300002098083,0.000499963760376,0.753684210526,0.863378483795,10,l2,"{'penalty': 'l2', 'C': 10}",1,0.669456066946,0.898305084746,0.838983050847,0.828451882845,0.000999927520752,0.000499963760376,0.0847618013603,0.0349266009503
