,mean_fit_time,mean_score_time,mean_test_score,mean_train_score,param_C,param_penalty,params,rank_test_score,split0_test_score,split0_train_score,split1_test_score,split1_train_score,std_fit_time,std_score_time,std_test_score,std_train_score
0,0.0035001039505,0.0,0.730526315789,0.903419970215,1,l1,"{'penalty': 'l1', 'C': 1}",20,0.682008368201,0.944915254237,0.779661016949,0.861924686192,0.00150001049042,0.0,0.048825350543,0.0414952840224
1,0.00149989128113,0.000499963760376,0.734736842105,0.888669243316,1,l2,"{'penalty': 'l2', 'C': 1}",19,0.698744769874,0.927966101695,0.771186440678,0.849372384937,0.000499963760376,0.000499963760376,0.0362201129845,0.0392968583788
2,0.00400006771088,0.000500082969666,0.747368421053,0.930722998369,2,l1,"{'penalty': 'l1', 'C': 2}",9,0.707112970711,0.96186440678,0.78813559322,0.899581589958,0.00100004673004,0.000500082969666,0.0405105032646,0.0311414084108
3,0.00250005722046,0.0,0.743157894737,0.905432238848,2,l2,"{'penalty': 'l2', 'C': 2}",10,0.702928870293,0.932203389831,0.783898305085,0.878661087866,0.000499963760376,0.0,0.0404839099364,0.0267711509822
4,0.00550007820129,0.0,0.751578947368,0.941236437132,3,l1,"{'penalty': 'l1', 'C': 3}",7,0.71129707113,0.970338983051,0.792372881356,0.912133891213,0.000499963760376,0.0,0.0405370965928,0.0291025459187
5,0.00199997425079,0.000499963760376,0.736842105263,0.918090915538,3,l2,"{'penalty': 'l2', 'C': 3}",16,0.694560669456,0.949152542373,0.779661016949,0.887029288703,0.00100004673004,0.000499963760376,0.042549325092,0.031061626835
6,0.00750005245209,0.0,0.751578947368,0.9433550812,4,l1,"{'penalty': 'l1', 'C': 4}",7,0.715481171548,0.974576271186,0.78813559322,0.912133891213,0.000500082969666,0.0,0.0363264862973,0.0312211899865
7,0.00199997425079,0.0,0.736842105263,0.926485710233,4,l2,"{'penalty': 'l2', 'C': 4}",16,0.694560669456,0.953389830508,0.779661016949,0.899581589958,1.19209289551e-07,0.0,0.042549325092,0.0269041202752
8,0.0110000371933,0.000500082969666,0.753684210526,0.953841926105,5,l1,"{'penalty': 'l1', 'C': 5}",6,0.719665271967,0.978813559322,0.78813559322,0.928870292887,0.00299990177155,0.000500082969666,0.0342344778136,0.0249716332175
9,0.00199997425079,0.0,0.738947368421,0.93069640451,5,l2,"{'penalty': 'l2', 'C': 5}",14,0.698744769874,0.957627118644,0.779661016949,0.903765690377,1.19209289551e-07,0.0,0.0404573166083,0.0269307141337
10,0.0105000734329,0.000500082969666,0.757894736842,0.953841926105,6,l1,"{'penalty': 'l1', 'C': 6}",2,0.723849372385,0.978813559322,0.792372881356,0.928870292887,0.00249993801117,0.000500082969666,0.0342610711418,0.0249716332175
11,0.00250005722046,0.000499963760376,0.736842105263,0.932815048578,6,l2,"{'penalty': 'l2', 'C': 6}",16,0.694560669456,0.96186440678,0.779661016949,0.903765690377,0.000499963760376,0.000499963760376,0.042549325092,0.0290493582015
12,0.0104999542236,0.000500082969666,0.757894736842,0.955960570172,7,l1,"{'penalty': 'l1', 'C': 7}",2,0.723849372385,0.983050847458,0.792372881356,0.928870292887,0.00150012969971,0.000500082969666,0.0342610711418,0.0270902772853
13,0.00249993801117,0.0,0.738947368421,0.932815048578,7,l2,"{'penalty': 'l2', 'C': 7}",14,0.698744769874,0.96186440678,0.779661016949,0.903765690377,0.000500082969666,0.0,0.0404573166083,0.0290493582015
14,0.0145000219345,0.0,0.755789473684,0.955960570172,8,l1,"{'penalty': 'l1', 'C': 8}",5,0.723849372385,0.983050847458,0.78813559322,0.928870292887,0.00450003147125,0.0,0.0321424693299,0.0270902772853
15,0.00150001049042,0.000499963760376,0.743157894737,0.934933692646,8,l2,"{'penalty': 'l2', 'C': 8}",10,0.702928870293,0.966101694915,0.783898305085,0.903765690377,0.000499844551086,0.000499963760376,0.0404839099364,0.0311680022693
16,0.0155000686646,0.0,0.757894736842,0.955960570172,9,l1,"{'penalty': 'l1', 'C': 9}",2,0.723849372385,0.983050847458,0.792372881356,0.928870292887,0.00349998474121,0.0,0.0342610711418,0.0270902772853
17,0.00300002098083,0.0,0.741052631579,0.939144386923,9,l2,"{'penalty': 'l2', 'C': 9}",12,0.702928870293,0.970338983051,0.779661016949,0.907949790795,0.0,0.0,0.0383653081246,0.0311945961279
18,0.0130000114441,0.000500082969666,0.76,0.955960570172,10,l1,"{'penalty': 'l1', 'C': 10}",1,0.728033472803,0.983050847458,0.792372881356,0.928870292887,0.00300002098083,0.000500082969666,0.0321690626581,0.0270902772853
19,0.00249993801117,0.00100004673004,0.741052631579,0.941263030991,10,l2,"{'penalty': 'l2', 'C': 10}",12,0.702928870293,0.974576271186,0.779661016949,0.907949790795,0.000500082969666,1.19209289551e-07,0.0383653081246,0.0333132401957
