,mean_fit_time,mean_score_time,mean_test_score,mean_train_score,param_C,param_penalty,params,rank_test_score,split0_test_score,split0_train_score,split1_test_score,split1_train_score,std_fit_time,std_score_time,std_test_score,std_train_score
0,0.00449991226196,0.000499963760376,0.757894736842,0.896931068719,1,l1,"{'penalty': 'l1', 'C': 1}",20,0.715481171548,0.911016949153,0.800847457627,0.882845188285,0.000499963760376,0.000499963760376,0.0426822917329,0.014085880434
1,0.00250005722046,0.000499963760376,0.778947368421,0.896957662577,1,l2,"{'penalty': 'l2', 'C': 1}",12,0.71129707113,0.915254237288,0.847457627119,0.878661087866,0.000499963760376,0.000499963760376,0.0680789201471,0.018296574711
2,0.00550007820129,0.0,0.766315789474,0.924234096873,2,l1,"{'penalty': 'l1', 'C': 2}",17,0.719665271967,0.927966101695,0.813559322034,0.92050209205,0.000499963760376,0.0,0.0469460886848,0.00373200482235
3,0.0019998550415,0.000500082969666,0.785263157895,0.907497695199,2,l2,"{'penalty': 'l2', 'C': 2}",5,0.715481171548,0.927966101695,0.85593220339,0.887029288703,0.0,0.000500082969666,0.0702241152872,0.020468406496
4,0.00800001621246,0.00100004673004,0.766315789474,0.936892773562,3,l1,"{'penalty': 'l1', 'C': 3}",17,0.719665271967,0.944915254237,0.813559322034,0.928870292887,0.00100004673004,0.00100004673004,0.0469460886848,0.00802248067513
5,0.00249993801117,0.0,0.781052631579,0.926405928658,3,l2,"{'penalty': 'l2', 'C': 3}",11,0.715481171548,0.940677966102,0.847457627119,0.912133891213,0.000499844551086,0.0,0.0659869116634,0.0142720374442
6,0.00800001621246,0.0,0.76,0.936892773562,4,l1,"{'penalty': 'l1', 'C': 4}",19,0.715481171548,0.944915254237,0.805084745763,0.928870292887,1.19209289551e-07,0.0,0.0448008935447,0.00802248067513
7,0.00199997425079,0.00100004673004,0.783157894737,0.928497978867,4,l2,"{'penalty': 'l2', 'C': 4}",8,0.715481171548,0.940677966102,0.851694915254,0.916317991632,1.19209289551e-07,1.19209289551e-07,0.0681055134753,0.0121799872349
8,0.0114998817444,0.000500082969666,0.772631578947,0.941130061698,5,l1,"{'penalty': 'l1', 'C': 5}",14,0.719665271967,0.953389830508,0.826271186441,0.928870292887,0.000499963760376,0.000500082969666,0.0533018941204,0.0122597688107
9,0.00250005722046,0.000499963760376,0.785263157895,0.932708673144,5,l2,"{'penalty': 'l2', 'C': 5}",5,0.719665271967,0.944915254237,0.851694915254,0.92050209205,0.000499963760376,0.000499963760376,0.0660135049916,0.0122065810935
10,0.00999999046326,0.000500082969666,0.770526315789,0.941130061698,6,l1,"{'penalty': 'l1', 'C': 6}",16,0.715481171548,0.953389830508,0.826271186441,0.928870292887,0.0,0.000500082969666,0.0553939026041,0.0122597688107
11,0.00150001049042,0.000500082969666,0.787368421053,0.934800723353,6,l2,"{'penalty': 'l2', 'C': 6}",2,0.719665271967,0.944915254237,0.85593220339,0.924686192469,0.000500082969666,0.000500082969666,0.0681321068035,0.0101145308843
12,0.0110000371933,0.000499963760376,0.772631578947,0.945340755975,7,l1,"{'penalty': 'l1', 'C': 7}",14,0.715481171548,0.957627118644,0.830508474576,0.933054393305,0.00199997425079,0.000499963760376,0.057512504416,0.0122863626693
13,0.00249993801117,0.0,0.787368421053,0.934800723353,7,l2,"{'penalty': 'l2', 'C': 7}",2,0.719665271967,0.944915254237,0.85593220339,0.924686192469,0.000500082969666,0.0,0.0681321068035,0.0101145308843
14,0.0140000581741,0.000500082969666,0.778947368421,0.947432806184,8,l1,"{'penalty': 'l1', 'C': 8}",12,0.715481171548,0.957627118644,0.843220338983,0.937238493724,0.00400006771088,0.000500082969666,0.0638683098516,0.0101943124601
15,0.00249993801117,0.000500082969666,0.787368421053,0.934800723353,8,l2,"{'penalty': 'l2', 'C': 8}",2,0.719665271967,0.944915254237,0.85593220339,0.924686192469,0.000500082969666,0.000500082969666,0.0681321068035,0.0101145308843
16,0.0169999599457,0.000499963760376,0.783157894737,0.949551450252,9,l1,"{'penalty': 'l1', 'C': 9}",8,0.719665271967,0.96186440678,0.847457627119,0.937238493724,0.00300002098083,0.000499963760376,0.0638949031798,0.0123129565279
17,0.00199997425079,0.000499963760376,0.785263157895,0.934800723353,9,l2,"{'penalty': 'l2', 'C': 9}",5,0.715481171548,0.944915254237,0.85593220339,0.924686192469,1.19209289551e-07,0.000499963760376,0.0702241152872,0.0101145308843
18,0.0134999752045,0.0,0.783157894737,0.95167009432,10,l1,"{'penalty': 'l1', 'C': 10}",8,0.719665271967,0.966101694915,0.847457627119,0.937238493724,0.00150012969971,0.0,0.0638949031798,0.0144316005957
19,0.00250005722046,0.0,0.791578947368,0.934800723353,10,l2,"{'penalty': 'l2', 'C': 10}",1,0.719665271967,0.944915254237,0.864406779661,0.924686192469,0.000499963760376,0.0,0.0723693104272,0.0101145308843
