,mean_fit_time,mean_score_time,mean_test_score,mean_train_score,param_C,param_penalty,params,rank_test_score,split0_test_score,split0_train_score,split1_test_score,split1_train_score,std_fit_time,std_score_time,std_test_score,std_train_score
0,0.00199997425079,0.000499963760376,0.762105263158,0.897037444153,1,l1,"{'penalty': 'l1', 'C': 1}",9,0.682008368201,0.927966101695,0.843220338983,0.866108786611,1.19209289551e-07,0.000499963760376,0.0806043777211,0.030928657542
1,0.00250005722046,0.000499963760376,0.762105263158,0.892800156017,1,l2,"{'penalty': 'l2', 'C': 1}",9,0.686192468619,0.919491525424,0.838983050847,0.866108786611,0.00149989128113,0.000499963760376,0.0763937674255,0.0266913694064
2,0.00499999523163,0.000499963760376,0.774736842105,0.911708389476,2,l1,"{'penalty': 'l1', 'C': 2}",1,0.702928870293,0.932203389831,0.847457627119,0.891213389121,1.19209289551e-07,0.000499963760376,0.0722629371145,0.0204950003546
3,0.00199997425079,0.000500082969666,0.764210526316,0.896984256436,2,l2,"{'penalty': 'l2', 'C': 2}",5,0.694560669456,0.919491525424,0.834745762712,0.874476987448,1.19209289551e-07,0.000500082969666,0.0700911486463,0.022507268988
4,0.0090000629425,0.000499963760376,0.768421052632,0.918011133962,3,l1,"{'penalty': 'l1', 'C': 3}",3,0.694560669456,0.936440677966,0.843220338983,0.899581589958,0.000999927520752,0.000499963760376,0.07432835227,0.018429544004
5,0.00200009346008,0.0,0.764210526316,0.911708389476,3,l2,"{'penalty': 'l2', 'C': 3}",5,0.694560669456,0.932203389831,0.834745762712,0.891213389121,0.0,0.0,0.0700911486463,0.0204950003546
6,0.00800001621246,0.000499963760376,0.772631578947,0.928551166584,4,l1,"{'penalty': 'l1', 'C': 4}",2,0.702928870293,0.949152542373,0.843220338983,0.907949790795,0.00100004673004,0.000499963760376,0.0701443353026,0.020601375789
7,0.00200009346008,0.000499963760376,0.766315789474,0.918011133962,4,l2,"{'penalty': 'l2', 'C': 4}",4,0.694560669456,0.936440677966,0.838983050847,0.899581589958,0.0,0.000499963760376,0.0722097504581,0.018429544004
8,0.00750005245209,0.000499963760376,0.76,0.928551166584,5,l1,"{'penalty': 'l1', 'C': 5}",12,0.702928870293,0.949152542373,0.817796610169,0.907949790795,0.00150001049042,0.000499963760376,0.0574327244314,0.020601375789
9,0.00199997425079,0.000499963760376,0.764210526316,0.920103184171,5,l2,"{'penalty': 'l2', 'C': 5}",5,0.690376569038,0.936440677966,0.838983050847,0.903765690377,1.19209289551e-07,0.000499963760376,0.0743017589418,0.0163374937948
10,0.0074999332428,0.000500082969666,0.757894736842,0.934880504929,6,l1,"{'penalty': 'l1', 'C': 6}",16,0.702928870293,0.957627118644,0.813559322034,0.912133891213,0.000499963760376,0.000500082969666,0.0553141226195,0.0227466137153
11,0.00150012969971,0.000499963760376,0.762105263158,0.920103184171,6,l2,"{'penalty': 'l2', 'C': 6}",9,0.690376569038,0.936440677966,0.834745762712,0.903765690377,0.000499963760376,0.000499963760376,0.07218315713,0.0163374937948
12,0.00750017166138,0.000999927520752,0.76,0.934880504929,7,l1,"{'penalty': 'l1', 'C': 7}",12,0.702928870293,0.957627118644,0.817796610169,0.912133891213,0.000499963760376,0.0,0.0574327244314,0.0227466137153
13,0.00200009346008,0.000499963760376,0.764210526316,0.920103184171,7,l2,"{'penalty': 'l2', 'C': 7}",5,0.694560669456,0.936440677966,0.834745762712,0.903765690377,0.000999927520752,0.000499963760376,0.0700911486463,0.0163374937948
14,0.00849997997284,0.000500082969666,0.757894736842,0.934880504929,8,l1,"{'penalty': 'l1', 'C': 8}",16,0.698744769874,0.957627118644,0.817796610169,0.912133891213,0.00249993801117,0.000500082969666,0.0595247329151,0.0227466137153
15,0.00250005722046,0.000499963760376,0.76,0.920103184171,8,l2,"{'penalty': 'l2', 'C': 8}",12,0.694560669456,0.936440677966,0.826271186441,0.903765690377,0.000499963760376,0.000499963760376,0.0658539450225,0.0163374937948
16,0.00999999046326,0.000500082969666,0.757894736842,0.934880504929,9,l1,"{'penalty': 'l1', 'C': 9}",16,0.698744769874,0.957627118644,0.817796610169,0.912133891213,0.00100016593933,0.000500082969666,0.0595247329151,0.0227466137153
17,0.00200009346008,0.000499963760376,0.757894736842,0.920103184171,9,l2,"{'penalty': 'l2', 'C': 9}",16,0.694560669456,0.936440677966,0.822033898305,0.903765690377,0.0,0.000499963760376,0.0637353432107,0.0163374937948
18,0.0104999542236,0.0,0.76,0.934880504929,10,l1,"{'penalty': 'l1', 'C': 10}",12,0.698744769874,0.957627118644,0.822033898305,0.912133891213,0.00150012969971,0.0,0.061643334727,0.0227466137153
19,0.00250005722046,0.0,0.755789473684,0.922195234381,10,l2,"{'penalty': 'l2', 'C': 10}",20,0.694560669456,0.936440677966,0.817796610169,0.907949790795,0.000499963760376,0.0,0.0616167413988,0.0142454435856
