,mean_fit_time,mean_score_time,mean_test_score,mean_train_score,param_C,param_penalty,params,rank_test_score,split0_test_score,split0_train_score,split1_test_score,split1_train_score,std_fit_time,std_score_time,std_test_score,std_train_score
0,0.00450003147125,0.000499963760376,0.732631578947,0.916078646904,1,l1,"{'penalty': 'l1', 'C': 1}",20,0.669456066946,0.96186440678,0.796610169492,0.870292887029,0.000500082969666,0.000499963760376,0.0635757832416,0.0457857598752
1,0.00200009346008,0.000499963760376,0.753684210526,0.899182682079,1,l2,"{'penalty': 'l2', 'C': 1}",15,0.665271966527,0.936440677966,0.843220338983,0.861924686192,0.0,0.000499963760376,0.0889724116558,0.0372579958868
2,0.00699996948242,0.000500082969666,0.745263157895,0.922354797532,2,l1,"{'penalty': 'l1', 'C': 2}",19,0.65690376569,0.96186440678,0.834745762712,0.882845188285,0.00300002098083,0.000500082969666,0.0889192249995,0.0395096092476
3,0.00249993801117,0.000500082969666,0.772631578947,0.909722714701,2,l2,"{'penalty': 'l2', 'C': 2}",9,0.686192468619,0.949152542373,0.860169491525,0.870292887029,0.00150001049042,0.000500082969666,0.0869867764849,0.0394298276718
4,0.0090000629425,0.0,0.757894736842,0.928657542018,3,l1,"{'penalty': 'l1', 'C': 3}",12,0.682008368201,0.966101694915,0.834745762712,0.891213389121,0.00399994850159,0.0,0.0763671740973,0.037444152897
5,0.00199997425079,0.0,0.783157894737,0.920236153464,3,l2,"{'penalty': 'l2', 'C': 3}",8,0.698744769874,0.957627118644,0.868644067797,0.882845188285,0.00100004673004,0.0,0.0849479546575,0.0373909651798
6,0.0105000734329,0.000499963760376,0.764210526316,0.932841642437,4,l1,"{'penalty': 'l1', 'C': 4}",10,0.682008368201,0.966101694915,0.847457627119,0.899581589958,0.00450003147125,0.000499963760376,0.0827229795329,0.0332600524785
7,0.00250005722046,0.0,0.791578947368,0.924420253883,4,l2,"{'penalty': 'l2', 'C': 4}",2,0.707112970711,0.957627118644,0.877118644068,0.891213389121,0.000499963760376,0.0,0.0850011413139,0.0332068647614
8,0.00999999046326,0.000499963760376,0.76,0.937078930572,5,l1,"{'penalty': 'l1', 'C': 5}",11,0.677824267782,0.974576271186,0.843220338983,0.899581589958,0.00300002098083,0.000499963760376,0.0826963862048,0.0374973406141
9,0.00249993801117,0.00100016593933,0.793684210526,0.926565491809,5,l2,"{'penalty': 'l2', 'C': 5}",1,0.707112970711,0.966101694915,0.881355932203,0.887029288703,0.00150001049042,0.0,0.0871197431258,0.0395362031062
10,0.00949990749359,0.000500082969666,0.751578947368,0.930776186086,6,l1,"{'penalty': 'l1', 'C': 6}",18,0.673640167364,0.970338983051,0.830508474576,0.891213389121,0.0035001039505,0.000500082969666,0.0784325892528,0.0395627969648
11,0.00249993801117,0.000499963760376,0.791578947368,0.926565491809,6,l2,"{'penalty': 'l2', 'C': 6}",2,0.707112970711,0.966101694915,0.877118644068,0.887029288703,0.000500082969666,0.000499963760376,0.0850011413139,0.0395362031062
12,0.0110000371933,0.0,0.753684210526,0.934986880363,7,l1,"{'penalty': 'l1', 'C': 7}",15,0.677824267782,0.974576271186,0.830508474576,0.89539748954,0.00199997425079,0.0,0.0763405807691,0.0395893908233
13,0.00300002098083,0.000499963760376,0.791578947368,0.928684135877,7,l2,"{'penalty': 'l2', 'C': 7}",2,0.707112970711,0.970338983051,0.877118644068,0.887029288703,0.000999927520752,0.000499963760376,0.0850011413139,0.041654847174
14,0.0110001564026,0.000999927520752,0.755789473684,0.93919757464,8,l1,"{'penalty': 'l1', 'C': 8}",13,0.682008368201,0.978813559322,0.830508474576,0.899581589958,0.00399994850159,0.0,0.0742485722855,0.0396159846819
15,0.00249993801117,0.000500082969666,0.791578947368,0.930776186086,8,l2,"{'penalty': 'l2', 'C': 8}",2,0.702928870293,0.970338983051,0.881355932203,0.891213389121,0.00150001049042,0.000500082969666,0.0892117516095,0.0395627969648
16,0.011500120163,0.0,0.755789473684,0.93919757464,9,l1,"{'penalty': 'l1', 'C': 9}",13,0.682008368201,0.978813559322,0.830508474576,0.899581589958,0.00349998474121,0.0,0.0742485722855,0.0396159846819
17,0.00299990177155,0.0,0.789473684211,0.930776186086,9,l2,"{'penalty': 'l2', 'C': 9}",6,0.698744769874,0.970338983051,0.881355932203,0.891213389121,0.00100004673004,0.0,0.0913037600932,0.0395627969648
18,0.0139999389648,0.0,0.753684210526,0.941289624849,10,l1,"{'penalty': 'l1', 'C': 10}",15,0.677824267782,0.978813559322,0.830508474576,0.903765690377,0.00399994850159,0.0,0.0763405807691,0.0375239344727
19,0.00349998474121,0.0,0.787368421053,0.930776186086,10,l2,"{'penalty': 'l2', 'C': 10}",7,0.694560669456,0.970338983051,0.881355932203,0.891213389121,0.00150012969971,0.0,0.0933957685768,0.0395627969648
