,mean_fit_time,mean_score_time,mean_test_score,mean_train_score,param_C,param_penalty,params,rank_test_score,split0_test_score,split0_train_score,split1_test_score,split1_train_score,std_fit_time,std_score_time,std_test_score,std_train_score
0,0.00200009346008,0.0,0.772631578947,0.894839018509,1,l1,"{'penalty': 'l1', 'C': 1}",14,0.723849372385,0.911016949153,0.822033898305,0.878661087866,0.000999927520752,0.0,0.0490912838248,0.0161779306432
1,0.00249993801117,0.0,0.776842105263,0.899023118928,1,l2,"{'penalty': 'l2', 'C': 1}",6,0.728033472803,0.911016949153,0.826271186441,0.887029288703,0.000500082969666,0.0,0.049117877153,0.0119938302248
2,0.00450003147125,0.000499963760376,0.776842105263,0.911734983335,2,l1,"{'penalty': 'l1', 'C': 2}",6,0.71129707113,0.936440677966,0.843220338983,0.887029288703,0.00150001049042,0.000499963760376,0.0659603183353,0.0247056946316
3,0.00199997425079,0.000500082969666,0.789473684211,0.90747110134,2,l2,"{'penalty': 'l2', 'C': 2}",1,0.740585774059,0.923728813559,0.838983050847,0.891213389121,0.00100004673004,0.000500082969666,0.0491976571376,0.016257712219
4,0.00699996948242,0.000499963760376,0.770526315789,0.915945677612,3,l1,"{'penalty': 'l1', 'C': 3}",20,0.702928870293,0.940677966102,0.838983050847,0.891213389121,0.00399994850159,0.000499963760376,0.0680257334908,0.0247322884902
5,0.00250005722046,0.0,0.787368421053,0.909616339267,3,l2,"{'penalty': 'l2', 'C': 3}",2,0.740585774059,0.932203389831,0.834745762712,0.887029288703,0.000499963760376,0.0,0.0470790553257,0.0225870505638
6,0.00699985027313,0.000500082969666,0.774736842105,0.922275015956,4,l1,"{'penalty': 'l1', 'C': 4}",10,0.707112970711,0.949152542373,0.843220338983,0.89539748954,0.00400006771088,0.000500082969666,0.0680523268189,0.0268775264166
7,0.00199997425079,0.000499963760376,0.778947368421,0.911734983335,4,l2,"{'penalty': 'l2', 'C': 4}",3,0.723849372385,0.936440677966,0.834745762712,0.887029288703,1.19209289551e-07,0.000499963760376,0.0554470892605,0.0247056946316
8,0.00750005245209,0.000500082969666,0.778947368421,0.924393660024,5,l1,"{'penalty': 'l1', 'C': 5}",3,0.707112970711,0.953389830508,0.851694915254,0.89539748954,0.0035001039505,0.000500082969666,0.0722895304427,0.0289961704844
9,0.00199997425079,0.000500082969666,0.776842105263,0.915945677612,5,l2,"{'penalty': 'l2', 'C': 5}",6,0.719665271967,0.940677966102,0.834745762712,0.891213389121,0.00100004673004,0.000500082969666,0.0575390977441,0.0247322884902
10,0.00849997997284,0.000499963760376,0.778947368421,0.924393660024,6,l1,"{'penalty': 'l1', 'C': 6}",3,0.707112970711,0.953389830508,0.851694915254,0.89539748954,0.00450003147125,0.000499963760376,0.0722895304427,0.0289961704844
11,0.00250005722046,0.0,0.772631578947,0.915945677612,6,l2,"{'penalty': 'l2', 'C': 6}",14,0.715481171548,0.940677966102,0.830508474576,0.891213389121,0.000499963760376,0.0,0.057512504416,0.0247322884902
12,0.00699985027313,0.000500082969666,0.776842105263,0.926512304092,7,l1,"{'penalty': 'l1', 'C': 7}",6,0.702928870293,0.957627118644,0.851694915254,0.89539748954,0.00199997425079,0.000500082969666,0.0743815389264,0.0311148145522
13,0.00200009346008,0.0,0.774736842105,0.920182965747,7,l2,"{'penalty': 'l2', 'C': 7}",10,0.715481171548,0.949152542373,0.834745762712,0.891213389121,0.0,0.0,0.0596311062278,0.0289695766258
14,0.00750005245209,0.0,0.774736842105,0.926512304092,8,l1,"{'penalty': 'l1', 'C': 8}",10,0.702928870293,0.957627118644,0.847457627119,0.89539748954,0.00249993801117,0.0,0.0722629371145,0.0311148145522
15,0.00250005722046,0.0,0.772631578947,0.920182965747,8,l2,"{'penalty': 'l2', 'C': 8}",14,0.707112970711,0.949152542373,0.838983050847,0.891213389121,0.000499963760376,0.0,0.0659337250071,0.0289695766258
16,0.00800001621246,0.000499963760376,0.772631578947,0.926512304092,9,l1,"{'penalty': 'l1', 'C': 9}",14,0.698744769874,0.957627118644,0.847457627119,0.89539748954,0.00199997425079,0.000499963760376,0.0743549455982,0.0311148145522
17,0.00199997425079,0.000499963760376,0.772631578947,0.920182965747,9,l2,"{'penalty': 'l2', 'C': 9}",14,0.707112970711,0.949152542373,0.838983050847,0.891213389121,1.19209289551e-07,0.000499963760376,0.0659337250071,0.0289695766258
18,0.00999999046326,0.000499963760376,0.772631578947,0.926512304092,10,l1,"{'penalty': 'l1', 'C': 10}",14,0.698744769874,0.957627118644,0.847457627119,0.89539748954,0.00399994850159,0.000499963760376,0.0743549455982,0.0311148145522
19,0.00199997425079,0.000500082969666,0.774736842105,0.920182965747,10,l2,"{'penalty': 'l2', 'C': 10}",10,0.707112970711,0.949152542373,0.843220338983,0.891213389121,0.00100004673004,0.000500082969666,0.0680523268189,0.0289695766258
