,mean_fit_time,mean_score_time,mean_test_score,mean_train_score,param_C,param_penalty,params,rank_test_score,split0_test_score,split0_train_score,split1_test_score,split1_train_score,std_fit_time,std_score_time,std_test_score,std_train_score
0,0.00399994850159,0.0,0.751578947368,0.884405361322,1,l1,"{'penalty': 'l1', 'C': 1}",20,0.698744769874,0.915254237288,0.805084745763,0.853556485356,0.000999927520752,0.0,0.0531689274795,0.0308488759662
1,0.00199997425079,0.0,0.762105263158,0.897064038011,1,l2,"{'penalty': 'l2', 'C': 1}",17,0.723849372385,0.932203389831,0.800847457627,0.861924686192,1.19209289551e-07,0.0,0.0384982747655,0.035139351819
2,0.00450003147125,0.000500082969666,0.768421052632,0.909669526984,2,l1,"{'penalty': 'l1', 'C': 2}",13,0.715481171548,0.940677966102,0.822033898305,0.878661087866,0.000500082969666,0.000500082969666,0.0532753007922,0.0310084391178
3,0.00249993801117,0.0,0.757894736842,0.901221544571,2,l2,"{'penalty': 'l2', 'C': 2}",18,0.707112970711,0.927966101695,0.809322033898,0.874476987448,0.000500082969666,0.0,0.051103512324,0.0267445571236
4,0.00499999523163,0.000499963760376,0.764210526316,0.918090915538,3,l1,"{'penalty': 'l1', 'C': 3}",15,0.707112970711,0.949152542373,0.822033898305,0.887029288703,1.19209289551e-07,0.000499963760376,0.0574593177596,0.031061626835
5,0.00250005722046,0.000499963760376,0.757894736842,0.903340188639,3,l2,"{'penalty': 'l2', 'C': 3}",18,0.694560669456,0.932203389831,0.822033898305,0.874476987448,0.000499963760376,0.000499963760376,0.0637353432107,0.0288632011914
6,0.00800001621246,0.000999927520752,0.764210526316,0.924393660024,4,l1,"{'penalty': 'l1', 'C': 4}",15,0.702928870293,0.953389830508,0.826271186441,0.89539748954,0.00100004673004,0.0,0.0616699280552,0.0289961704844
7,0.00299990177155,0.0,0.768421052632,0.907577476775,4,l2,"{'penalty': 'l2', 'C': 4}",13,0.694560669456,0.940677966102,0.843220338983,0.874476987448,0.00100004673004,0.0,0.07432835227,0.033100489327
8,0.00849997997284,0.000499963760376,0.770526315789,0.928604354301,5,l1,"{'penalty': 'l1', 'C': 5}",9,0.702928870293,0.957627118644,0.838983050847,0.899581589958,0.000500082969666,0.000499963760376,0.0680257334908,0.029022764343
9,0.00299990177155,0.000500082969666,0.770526315789,0.907577476775,5,l2,"{'penalty': 'l2', 'C': 5}",9,0.698744769874,0.940677966102,0.843220338983,0.874476987448,0.00100004673004,0.000500082969666,0.0722363437863,0.033100489327
10,0.010999917984,0.00100016593933,0.774736842105,0.928604354301,6,l1,"{'penalty': 'l1', 'C': 6}",7,0.707112970711,0.957627118644,0.843220338983,0.899581589958,0.00300002098083,0.0,0.0680523268189,0.029022764343
11,0.00300002098083,0.000499963760376,0.770526315789,0.907577476775,6,l2,"{'penalty': 'l2', 'C': 6}",9,0.698744769874,0.940677966102,0.843220338983,0.874476987448,0.000999927520752,0.000499963760376,0.0722363437863,0.033100489327
12,0.0124999284744,0.000499963760376,0.774736842105,0.928604354301,7,l1,"{'penalty': 'l1', 'C': 7}",7,0.707112970711,0.957627118644,0.843220338983,0.899581589958,0.000500082969666,0.000499963760376,0.0680523268189,0.029022764343
13,0.0035001039505,0.000499963760376,0.776842105263,0.909669526984,7,l2,"{'penalty': 'l2', 'C': 7}",4,0.702928870293,0.940677966102,0.851694915254,0.878661087866,0.00150001049042,0.000499963760376,0.0743815389264,0.0310084391178
14,0.0115000009537,0.000499963760376,0.776842105263,0.928604354301,8,l1,"{'penalty': 'l1', 'C': 8}",4,0.707112970711,0.957627118644,0.847457627119,0.899581589958,0.00150001049042,0.000499963760376,0.0701709286308,0.029022764343
15,0.00300002098083,0.00100004673004,0.778947368421,0.913853627402,8,l2,"{'penalty': 'l2', 'C': 8}",2,0.707112970711,0.940677966102,0.851694915254,0.887029288703,0.00100016593933,1.19209289551e-07,0.0722895304427,0.0268243386994
16,0.010999917984,0.000500082969666,0.770526315789,0.934933692646,9,l1,"{'penalty': 'l1', 'C': 9}",9,0.702928870293,0.966101694915,0.838983050847,0.903765690377,0.000999927520752,0.000500082969666,0.0680257334908,0.0311680022693
17,0.00300002098083,0.000999927520752,0.778947368421,0.915945677612,9,l2,"{'penalty': 'l2', 'C': 9}",2,0.707112970711,0.940677966102,0.851694915254,0.891213389121,0.000999927520752,0.0,0.0722895304427,0.0247322884902
18,0.0134999752045,0.0,0.776842105263,0.943301893483,10,l1,"{'penalty': 'l1', 'C': 10}",4,0.702928870293,0.966101694915,0.851694915254,0.92050209205,0.00349998474121,0.0,0.0743815389264,0.0227998014325
19,0.00300002098083,0.000999927520752,0.783157894737,0.918037727821,10,l2,"{'penalty': 'l2', 'C': 10}",1,0.71129707113,0.940677966102,0.85593220339,0.89539748954,0.000999927520752,0.0,0.0723161237709,0.022640238281
