,mean_fit_time,mean_score_time,mean_test_score,mean_train_score,param_C,param_penalty,params,rank_test_score,split0_test_score,split0_train_score,split1_test_score,split1_train_score,std_fit_time,std_score_time,std_test_score,std_train_score
0,0.00299990177155,0.0,0.789473684211,0.894971987802,1,l1,"{'penalty': 'l1', 'C': 1}",13,0.723849372385,0.932203389831,0.85593220339,0.857740585774,1.19209289551e-07,0.0,0.0660400983198,0.0372314020282
1,0.00199997425079,0.00100016593933,0.797894736842,0.90124813843,1,l2,"{'penalty': 'l2', 'C': 1}",3,0.728033472803,0.932203389831,0.868644067797,0.870292887029,0.00100004673004,0.0,0.0703038952717,0.0309552514006
2,0.00799989700317,0.000500082969666,0.793684210526,0.909696120842,2,l1,"{'penalty': 'l1', 'C': 2}",10,0.732217573222,0.944915254237,0.85593220339,0.874476987448,0.00500011444092,0.000500082969666,0.0618560813524,0.0352191333948
3,0.00249993801117,0.0,0.8,0.905458832707,2,l2,"{'penalty': 'l2', 'C': 2}",2,0.740585774059,0.936440677966,0.860169491525,0.874476987448,0.000500082969666,0.0,0.0597906661969,0.0309818452592
4,0.00800001621246,0.000499963760376,0.793684210526,0.916025459187,3,l1,"{'penalty': 'l1', 'C': 3}",10,0.73640167364,0.953389830508,0.851694915254,0.878661087866,0.00199997425079,0.000499963760376,0.0576454710569,0.0373643713212
5,0.00300002098083,0.000499963760376,0.795789473684,0.913880221261,3,l2,"{'penalty': 'l2', 'C': 3}",8,0.728033472803,0.944915254237,0.864406779661,0.882845188285,0.0,0.000499963760376,0.0681852934599,0.0310350329764
6,0.00699996948242,0.000499963760376,0.793684210526,0.920209559606,4,l1,"{'penalty': 'l1', 'C': 4}",10,0.73640167364,0.953389830508,0.851694915254,0.887029288703,0.00300002098083,0.000499963760376,0.0576454710569,0.0331802709028
7,0.00299990177155,0.000500082969666,0.787368421053,0.911788171052,4,l2,"{'penalty': 'l2', 'C': 4}",17,0.723849372385,0.944915254237,0.851694915254,0.878661087866,0.00100004673004,0.000500082969666,0.0639214965079,0.0331270831856
8,0.00899994373322,0.000499963760376,0.797894736842,0.922301609815,5,l1,"{'penalty': 'l1', 'C': 5}",3,0.740585774059,0.953389830508,0.85593220339,0.891213389121,1.19209289551e-07,0.000499963760376,0.0576720643851,0.0310882206936
9,0.00300014019012,0.0,0.785263157895,0.913906815119,5,l2,"{'penalty': 'l2', 'C': 5}",20,0.719665271967,0.949152542373,0.851694915254,0.878661087866,0.00100004673004,0.0,0.0660135049916,0.0352457272534
10,0.010999917984,0.0,0.797894736842,0.928657542018,6,l1,"{'penalty': 'l1', 'C': 6}",3,0.744769874477,0.966101694915,0.851694915254,0.891213389121,0.000999927520752,0.0,0.0534614540895,0.037444152897
11,0.00249993801117,0.000500082969666,0.787368421053,0.913906815119,6,l2,"{'penalty': 'l2', 'C': 6}",17,0.723849372385,0.949152542373,0.851694915254,0.878661087866,0.000500082969666,0.000500082969666,0.0639214965079,0.0352457272534
12,0.00999999046326,0.000499963760376,0.797894736842,0.932841642437,7,l1,"{'penalty': 'l1', 'C': 7}",3,0.744769874477,0.966101694915,0.851694915254,0.899581589958,0.0,0.000499963760376,0.0534614540895,0.0332600524785
13,0.00249993801117,0.0,0.787368421053,0.915998865329,7,l2,"{'penalty': 'l2', 'C': 7}",17,0.723849372385,0.949152542373,0.851694915254,0.882845188285,0.000500082969666,0.0,0.0639214965079,0.0331536770442
14,0.0134999752045,0.000499963760376,0.797894736842,0.932841642437,8,l1,"{'penalty': 'l1', 'C': 8}",3,0.744769874477,0.966101694915,0.851694915254,0.899581589958,0.00250005722046,0.000499963760376,0.0534614540895,0.0332600524785
15,0.0019998550415,0.000500082969666,0.789473684211,0.915998865329,8,l2,"{'penalty': 'l2', 'C': 8}",13,0.728033472803,0.949152542373,0.851694915254,0.882845188285,0.0,0.000500082969666,0.0618294880242,0.0331536770442
16,0.0139999389648,0.0,0.795789473684,0.932841642437,9,l1,"{'penalty': 'l1', 'C': 9}",8,0.744769874477,0.966101694915,0.847457627119,0.899581589958,0.00300002098083,0.0,0.0513428522776,0.0332600524785
17,0.00249993801117,0.00100004673004,0.789473684211,0.915998865329,9,l2,"{'penalty': 'l2', 'C': 9}",13,0.728033472803,0.949152542373,0.851694915254,0.882845188285,0.000500082969666,1.19209289551e-07,0.0618294880242,0.0331536770442
18,0.0154999494553,0.0,0.802105263158,0.934960286505,10,l1,"{'penalty': 'l1', 'C': 10}",1,0.748953974895,0.970338983051,0.85593220339,0.899581589958,0.00150001049042,0.0,0.0534880474177,0.0353786965463
19,0.00299990177155,0.000499963760376,0.789473684211,0.918117509396,10,l2,"{'penalty': 'l2', 'C': 10}",13,0.723849372385,0.953389830508,0.85593220339,0.882845188285,0.00100004673004,0.000499963760376,0.0660400983198,0.035272321112
