,mean_fit_time,mean_score_time,mean_test_score,mean_train_score,param_C,param_penalty,params,rank_test_score,split0_test_score,split0_train_score,split1_test_score,split1_train_score,std_fit_time,std_score_time,std_test_score,std_train_score
0,0.00300002098083,0.000499963760376,0.76,0.804801077938,1,l1,"{'penalty': 'l1', 'C': 1}",19,0.682008368201,0.898305084746,0.838983050847,0.71129707113,0.0,0.000499963760376,0.0784857759092,0.093504006808
1,0.00150001049042,0.0,0.757894736842,0.80268243387,1,l2,"{'penalty': 'l2', 'C': 1}",20,0.690376569038,0.89406779661,0.826271186441,0.71129707113,0.000499844551086,0.0,0.0679459535062,0.0913853627402
2,0.005499958992,0.0,0.764210526316,0.809038366073,2,l1,"{'penalty': 'l1', 'C': 2}",14,0.677824267782,0.906779661017,0.851694915254,0.71129707113,0.000500082969666,0.0,0.0869335898285,0.0977412949436
3,0.00149989128113,0.000499963760376,0.762105263158,0.80268243387,2,l2,"{'penalty': 'l2', 'C': 2}",16,0.690376569038,0.89406779661,0.834745762712,0.71129707113,0.000499963760376,0.000499963760376,0.07218315713,0.0913853627402
4,0.00750005245209,0.0,0.768421052632,0.813222466492,3,l1,"{'penalty': 'l1', 'C': 3}",8,0.677824267782,0.906779661017,0.860169491525,0.719665271967,0.000500082969666,0.0,0.0911707934522,0.0935571945252
5,0.00199997425079,0.0,0.762105263158,0.804774484079,3,l2,"{'penalty': 'l2', 'C': 3}",16,0.686192468619,0.89406779661,0.838983050847,0.715481171548,1.19209289551e-07,0.0,0.0763937674255,0.089293312531
6,0.0074999332428,0.0,0.770526315789,0.81740656691,4,l1,"{'penalty': 'l1', 'C': 4}",1,0.677824267782,0.906779661017,0.864406779661,0.728033472803,0.00250005722046,0.0,0.0932893952641,0.0893730941068
7,0.00150001049042,0.0,0.762105263158,0.806893128147,4,l2,"{'penalty': 'l2', 'C': 4}",16,0.686192468619,0.898305084746,0.838983050847,0.715481171548,0.000500082969666,0.0,0.0763937674255,0.0914119565988
8,0.00699996948242,0.000500082969666,0.770526315789,0.81740656691,5,l1,"{'penalty': 'l1', 'C': 5}",1,0.677824267782,0.906779661017,0.864406779661,0.728033472803,0.000999927520752,0.000500082969666,0.0932893952641,0.0893730941068
9,0.000999927520752,0.000499963760376,0.764210526316,0.806919722006,5,l2,"{'penalty': 'l2', 'C': 5}",14,0.686192468619,0.902542372881,0.843220338983,0.71129707113,0.0,0.000499963760376,0.0785123692374,0.0956226508758
10,0.0130000114441,0.0,0.770526315789,0.819498617119,6,l1,"{'penalty': 'l1', 'C': 6}",1,0.677824267782,0.906779661017,0.864406779661,0.732217573222,0.0,0.0,0.0932893952641,0.0872810438976
11,0.00100016593933,0.000499963760376,0.766315789474,0.806919722006,6,l2,"{'penalty': 'l2', 'C': 6}",9,0.686192468619,0.902542372881,0.847457627119,0.71129707113,0.0,0.000499963760376,0.0806309710493,0.0956226508758
12,0.0144999027252,0.000499963760376,0.770526315789,0.821590667329,7,l1,"{'penalty': 'l1', 'C': 7}",1,0.677824267782,0.906779661017,0.864406779661,0.73640167364,0.000499963760376,0.000499963760376,0.0932893952641,0.0851889936884
13,0.00150001049042,0.00100004673004,0.766315789474,0.806919722006,7,l2,"{'penalty': 'l2', 'C': 7}",9,0.686192468619,0.902542372881,0.847457627119,0.71129707113,0.000500082969666,1.19209289551e-07,0.0806309710493,0.0956226508758
14,0.010999917984,0.000500082969666,0.770526315789,0.825801361606,8,l1,"{'penalty': 'l1', 'C': 8}",1,0.677824267782,0.911016949153,0.864406779661,0.740585774059,0.000999927520752,0.000500082969666,0.0932893952641,0.085215587547
15,0.00150012969971,0.0,0.766315789474,0.809011772215,8,l2,"{'penalty': 'l2', 'C': 8}",9,0.682008368201,0.902542372881,0.851694915254,0.715481171548,0.000499963760376,0.0,0.0848415813448,0.0935306006666
16,0.0115000009537,0.0,0.770526315789,0.823709311396,9,l1,"{'penalty': 'l1', 'C': 9}",1,0.677824267782,0.911016949153,0.864406779661,0.73640167364,0.00150001049042,0.0,0.0932893952641,0.0873076377562
17,0.00199997425079,0.000499963760376,0.766315789474,0.809011772215,9,l2,"{'penalty': 'l2', 'C': 9}",9,0.682008368201,0.902542372881,0.851694915254,0.715481171548,0.00100004673004,0.000499963760376,0.0848415813448,0.0935306006666
18,0.0125000476837,0.000499963760376,0.770526315789,0.823709311396,10,l1,"{'penalty': 'l1', 'C': 10}",1,0.677824267782,0.911016949153,0.864406779661,0.73640167364,0.000499963760376,0.000499963760376,0.0932893952641,0.0873076377562
19,0.00200009346008,0.000499963760376,0.766315789474,0.813222466492,10,l2,"{'penalty': 'l2', 'C': 10}",9,0.682008368201,0.906779661017,0.851694915254,0.719665271967,0.0,0.000499963760376,0.0848415813448,0.0935571945252
