,mean_fit_time,mean_score_time,mean_test_score,mean_train_score,param_C,param_penalty,params,rank_test_score,split0_test_score,split0_train_score,split1_test_score,split1_train_score,std_fit_time,std_score_time,std_test_score,std_train_score
0,0.00349998474121,0.000499963760376,0.730526315789,0.88652400539,1,l1,"{'penalty': 'l1', 'C': 1}",4,0.652719665272,0.919491525424,0.809322033898,0.853556485356,0.000499963760376,0.000499963760376,0.0782996226119,0.032967520034
1,0.00300002098083,0.0,0.730526315789,0.876010566626,1,l2,"{'penalty': 'l2', 'C': 1}",4,0.665271966527,0.911016949153,0.796610169492,0.8410041841,0.0,0.0,0.0656677917253,0.0350063825261
2,0.00650000572205,0.000499963760376,0.730526315789,0.90540564499,2,l1,"{'penalty': 'l1', 'C': 2}",4,0.640167364017,0.927966101695,0.822033898305,0.882845188285,0.00149989128113,0.000499963760376,0.0909314534986,0.0225604567052
3,0.00199997425079,0.00100004673004,0.732631578947,0.896984256436,2,l2,"{'penalty': 'l2', 'C': 2}",3,0.673640167364,0.919491525424,0.792372881356,0.874476987448,1.19209289551e-07,1.19209289551e-07,0.059365172946,0.022507268988
4,0.00499999523163,0.0,0.717894736842,0.915865896036,3,l1,"{'penalty': 'l1', 'C': 3}",13,0.635983263598,0.927966101695,0.800847457627,0.903765690377,0.00199997425079,0.0,0.0824304529229,0.0121002056592
5,0.00150001049042,0.000499963760376,0.738947368421,0.907497695199,3,l2,"{'penalty': 'l2', 'C': 3}",1,0.677824267782,0.927966101695,0.800847457627,0.887029288703,0.000499844551086,0.000499963760376,0.0615103680861,0.020468406496
6,0.00699996948242,0.00100004673004,0.717894736842,0.917957946245,4,l1,"{'penalty': 'l1', 'C': 4}",13,0.635983263598,0.927966101695,0.800847457627,0.907949790795,0.00200009346008,1.19209289551e-07,0.0824304529229,0.01000815545
7,0.00199997425079,0.000500082969666,0.736842105263,0.90747110134,4,l2,"{'penalty': 'l2', 'C': 4}",2,0.669456066946,0.923728813559,0.805084745763,0.891213389121,1.19209289551e-07,0.000500082969666,0.0678129868653,0.016257712219
8,0.00800013542175,0.000499963760376,0.715789473684,0.926379334799,5,l1,"{'penalty': 'l1', 'C': 5}",16,0.635983263598,0.936440677966,0.796610169492,0.916317991632,0.00600004196167,0.000499963760376,0.0803118511111,0.0100613431672
9,0.0019998550415,0.0,0.730526315789,0.90956315155,5,l2,"{'penalty': 'l2', 'C': 5}",4,0.652719665272,0.923728813559,0.809322033898,0.89539748954,0.0,0.0,0.0782996226119,0.0141656620098
10,0.00949990749359,0.000500082969666,0.711578947368,0.934747535636,6,l1,"{'penalty': 'l1', 'C': 6}",19,0.63179916318,0.936440677966,0.792372881356,0.933054393305,0.00649988651276,0.000500082969666,0.0802852577829,0.00169314233033
11,0.00249993801117,0.0,0.728421052632,0.913773845827,6,l2,"{'penalty': 'l2', 'C': 6}",9,0.652719665272,0.927966101695,0.805084745763,0.899581589958,0.000499844551086,0.0,0.0761810208001,0.0141922558684
12,0.00849997997284,0.000499963760376,0.711578947368,0.934747535636,7,l1,"{'penalty': 'l1', 'C': 7}",19,0.63179916318,0.936440677966,0.792372881356,0.933054393305,0.005499958992,0.000499963760376,0.0802852577829,0.00169314233033
13,0.00199997425079,0.000499963760376,0.728421052632,0.915839302177,7,l2,"{'penalty': 'l2', 'C': 7}",9,0.65690376569,0.923728813559,0.800847457627,0.907949790795,0.00100004673004,0.000499963760376,0.0719704105045,0.00788951138217
14,0.00899994373322,0.000499963760376,0.715789473684,0.934774129494,8,l1,"{'penalty': 'l1', 'C': 8}",16,0.635983263598,0.940677966102,0.796610169492,0.928870292887,0.00700008869171,0.000499963760376,0.0803118511111,0.00590383660733
15,0.00300014019012,0.000499963760376,0.730526315789,0.917931352386,8,l2,"{'penalty': 'l2', 'C': 8}",4,0.65690376569,0.923728813559,0.805084745763,0.912133891213,0.00100004673004,0.000499963760376,0.0740890123164,0.00579746117297
16,0.0119999647141,0.000999927520752,0.713684210526,0.934774129494,9,l1,"{'penalty': 'l1', 'C': 9}",18,0.640167364017,0.940677966102,0.78813559322,0.928870292887,0.00100004673004,0.0,0.0739826390036,0.00590383660733
17,0.00249993801117,0.000499963760376,0.728421052632,0.917931352386,9,l2,"{'penalty': 'l2', 'C': 9}",9,0.65690376569,0.923728813559,0.800847457627,0.912133891213,0.00150001049042,0.000499963760376,0.0719704105045,0.00579746117297
18,0.0145000219345,0.00100004673004,0.717894736842,0.936866179704,10,l1,"{'penalty': 'l1', 'C': 10}",13,0.648535564854,0.940677966102,0.78813559322,0.933054393305,0.000500082969666,1.19209289551e-07,0.0697986220363,0.00381178639813
19,0.00349998474121,0.0,0.728421052632,0.915812708319,10,l2,"{'penalty': 'l2', 'C': 10}",9,0.65690376569,0.919491525424,0.800847457627,0.912133891213,0.000499963760376,0.0,0.0719704105045,0.00367881710517
