,mean_fit_time,mean_score_time,mean_test_score,mean_train_score,param_C,param_penalty,params,rank_test_score,split0_test_score,split0_train_score,split1_test_score,split1_train_score,std_fit_time,std_score_time,std_test_score,std_train_score
0,0.00450003147125,0.0,0.713684210526,0.882339904971,1,l1,"{'penalty': 'l1', 'C': 1}",19,0.602510460251,0.919491525424,0.826271186441,0.845188284519,0.000500082969666,0.0,0.111878131664,0.0371516204525
1,0.00200009346008,0.000999927520752,0.732631578947,0.878129210694,1,l2,"{'penalty': 'l2', 'C': 1}",6,0.65690376569,0.915254237288,0.809322033898,0.8410041841,0.000999927520752,0.0,0.0762076141282,0.0371250265939
2,0.0035001039505,0.000499963760376,0.709473684211,0.892853343734,2,l1,"{'penalty': 'l1', 'C': 2}",20,0.598326359833,0.927966101695,0.822033898305,0.857740585774,0.00150001049042,0.000499963760376,0.111851538335,0.0351127579604
3,0.00249993801117,0.0,0.732631578947,0.88443195518,2,l2,"{'penalty': 'l2', 'C': 2}",6,0.652719665272,0.919491525424,0.813559322034,0.849372384937,0.000499844551086,0.0,0.0804182244238,0.0350595702432
4,0.00499999523163,0.000999927520752,0.726315789474,0.901274732288,3,l1,"{'penalty': 'l1', 'C': 3}",13,0.640167364017,0.936440677966,0.813559322034,0.866108786611,0.00299990177155,0.0,0.0866942498749,0.0351659456776
5,0.00250005722046,0.000499963760376,0.732631578947,0.88443195518,3,l2,"{'penalty': 'l2', 'C': 3}",6,0.65690376569,0.919491525424,0.809322033898,0.849372384937,0.000499963760376,0.000499963760376,0.0762076141282,0.0350595702432
6,0.00599992275238,0.0,0.717894736842,0.909696120842,4,l1,"{'penalty': 'l1', 'C': 4}",16,0.640167364017,0.944915254237,0.796610169492,0.874476987448,0.00199997425079,0.0,0.0782198426274,0.0352191333948
7,0.00249993801117,0.000500082969666,0.734736842105,0.890734699667,4,l2,"{'penalty': 'l2', 'C': 4}",4,0.661087866109,0.923728813559,0.809322033898,0.857740585774,0.000500082969666,0.000500082969666,0.0741156056445,0.0329941138926
8,0.00800001621246,0.000499963760376,0.717894736842,0.913906815119,5,l1,"{'penalty': 'l1', 'C': 5}",16,0.635983263598,0.949152542373,0.800847457627,0.878661087866,0.00400006771088,0.000499963760376,0.0824304529229,0.0352457272534
9,0.00249993801117,0.000499963760376,0.732631578947,0.892826749876,5,l2,"{'penalty': 'l2', 'C': 5}",6,0.65690376569,0.923728813559,0.809322033898,0.861924686192,0.000500082969666,0.000499963760376,0.0762076141282,0.0309020636834
10,0.00950002670288,0.000499963760376,0.715789473684,0.918144103255,6,l1,"{'penalty': 'l1', 'C': 6}",18,0.635983263598,0.957627118644,0.796610169492,0.878661087866,0.00450015068054,0.000499963760376,0.0803118511111,0.039483015389
11,0.00249993801117,0.0,0.732631578947,0.897064038011,6,l2,"{'penalty': 'l2', 'C': 6}",6,0.65690376569,0.932203389831,0.809322033898,0.861924686192,0.000500082969666,0.0,0.0762076141282,0.035139351819
12,0.0105000734329,0.0,0.722105263158,0.920236153464,7,l1,"{'penalty': 'l1', 'C': 7}",14,0.644351464435,0.957627118644,0.800847457627,0.882845188285,0.0035001039505,0.0,0.0782464359556,0.0373909651798
13,0.00200009346008,0.000999927520752,0.736842105263,0.899182682079,7,l2,"{'penalty': 'l2', 'C': 7}",1,0.665271966527,0.936440677966,0.809322033898,0.861924686192,0.0,0.0,0.0720235971609,0.0372579958868
14,0.0125000476837,0.000499963760376,0.722105263158,0.922328203673,8,l1,"{'penalty': 'l1', 'C': 8}",14,0.644351464435,0.957627118644,0.800847457627,0.887029288703,0.00449991226196,0.000499963760376,0.0782464359556,0.0352989149706
15,0.00300002098083,0.000499963760376,0.734736842105,0.899182682079,8,l2,"{'penalty': 'l2', 'C': 8}",4,0.665271966527,0.936440677966,0.805084745763,0.861924686192,0.0,0.000499963760376,0.069904995349,0.0372579958868
16,0.0105000734329,0.000500082969666,0.728421052632,0.924420253883,9,l1,"{'penalty': 'l1', 'C': 9}",12,0.652719665272,0.957627118644,0.805084745763,0.891213389121,0.00650012493134,0.000500082969666,0.0761810208001,0.0332068647614
17,0.00250005722046,0.000499963760376,0.736842105263,0.905485426565,9,l2,"{'penalty': 'l2', 'C': 9}",1,0.669456066946,0.940677966102,0.805084745763,0.870292887029,0.000499963760376,0.000499963760376,0.0678129868653,0.0351925395362
18,0.0124999284744,0.000500082969666,0.730526315789,0.92863094816,10,l1,"{'penalty': 'l1', 'C': 10}",11,0.652719665272,0.96186440678,0.809322033898,0.89539748954,0.00450003147125,0.000500082969666,0.0782996226119,0.03323345862
19,0.00300014019012,0.000999927520752,0.736842105263,0.907577476775,10,l2,"{'penalty': 'l2', 'C': 10}",1,0.669456066946,0.940677966102,0.805084745763,0.874476987448,0.00100004673004,0.0,0.0678129868653,0.033100489327
