,mean_fit_time,mean_score_time,mean_test_score,mean_train_score,param_C,param_penalty,params,rank_test_score,split0_test_score,split0_train_score,split1_test_score,split1_train_score,std_fit_time,std_score_time,std_test_score,std_train_score
0,0.00300002098083,0.0,0.741052631579,0.888456492447,1,l1,"{'penalty': 'l1', 'C': 1}",2,0.694560669456,0.89406779661,0.78813559322,0.882845188285,0.0,0.0,0.0467865287157,0.00561130416283
1,0.00150001049042,0.000999927520752,0.732631578947,0.88424579817,1,l2,"{'penalty': 'l2', 'C': 1}",12,0.694560669456,0.889830508475,0.771186440678,0.878661087866,0.000500082969666,0.0,0.0383121214682,0.00558471030423
2,0.00450003147125,0.00100004673004,0.745263157895,0.909509963832,2,l1,"{'penalty': 'l1', 'C': 2}",1,0.694560669456,0.915254237288,0.796610169492,0.903765690377,0.000499844551086,1.19209289551e-07,0.0510237323394,0.00574427345578
3,0.00200009346008,0.0,0.728421052632,0.896851287143,2,l2,"{'penalty': 'l2', 'C': 2}",16,0.682008368201,0.898305084746,0.775423728814,0.89539748954,0.000999927520752,0.0,0.0467067487311,0.00145379760301
4,0.00750005245209,0.000499963760376,0.734736842105,0.915839302177,3,l1,"{'penalty': 'l1', 'C': 3}",8,0.682008368201,0.923728813559,0.78813559322,0.907949790795,0.00249993801117,0.000499963760376,0.0530625541668,0.00788951138217
5,0.00200009346008,0.000999927520752,0.726315789474,0.909509963832,3,l2,"{'penalty': 'l2', 'C': 3}",19,0.673640167364,0.915254237288,0.779661016949,0.903765690377,0.0,0.0,0.0530093675104,0.00574427345578
6,0.00500011444092,0.0,0.734736842105,0.920049996454,4,l1,"{'penalty': 'l1', 'C': 4}",8,0.682008368201,0.927966101695,0.78813559322,0.912133891213,0.0,0.0,0.0530625541668,0.00791610524076
7,0.00249993801117,0.000499963760376,0.728421052632,0.909536557691,4,l2,"{'penalty': 'l2', 'C': 4}",16,0.673640167364,0.919491525424,0.783898305085,0.899581589958,0.000500082969666,0.000499963760376,0.0551279693223,0.00995496773278
8,0.00750005245209,0.000499963760376,0.734736842105,0.920049996454,5,l1,"{'penalty': 'l1', 'C': 5}",8,0.682008368201,0.927966101695,0.78813559322,0.912133891213,0.00249993801117,0.000499963760376,0.0530625541668,0.00791610524076
9,0.00249993801117,0.0,0.728421052632,0.911655201759,5,l2,"{'penalty': 'l2', 'C': 5}",16,0.677824267782,0.923728813559,0.779661016949,0.899581589958,0.000499844551086,0.0,0.0509173590267,0.0120736118006
10,0.0104999542236,0.00100004673004,0.730526315789,0.917957946245,6,l1,"{'penalty': 'l1', 'C': 6}",14,0.677824267782,0.927966101695,0.783898305085,0.907949790795,0.000499963760376,1.19209289551e-07,0.0530359608386,0.01000815545
11,0.00250005722046,0.000500082969666,0.726315789474,0.911655201759,6,l2,"{'penalty': 'l2', 'C': 6}",19,0.677824267782,0.923728813559,0.775423728814,0.899581589958,0.000499963760376,0.000500082969666,0.0487987572148,0.0120736118006
12,0.0104999542236,0.000499963760376,0.732631578947,0.92844479115,7,l1,"{'penalty': 'l1', 'C': 7}",12,0.677824267782,0.932203389831,0.78813559322,0.924686192469,0.000499963760376,0.000499963760376,0.0551545626504,0.00375859868094
13,0.00250005722046,0.0,0.730526315789,0.915892489894,7,l2,"{'penalty': 'l2', 'C': 7}",14,0.686192468619,0.932203389831,0.775423728814,0.899581589958,0.000499963760376,0.0,0.0446147402475,0.0163108999362
14,0.0159999132156,0.000500082969666,0.734736842105,0.92844479115,8,l1,"{'penalty': 'l1', 'C': 8}",8,0.677824267782,0.932203389831,0.792372881356,0.924686192469,0.00400006771088,0.000500082969666,0.0572731644623,0.00375859868094
15,0.00250005722046,0.000499963760376,0.736842105263,0.915892489894,8,l2,"{'penalty': 'l2', 'C': 8}",3,0.686192468619,0.932203389831,0.78813559322,0.899581589958,0.000499963760376,0.000499963760376,0.0509705456831,0.0163108999362
16,0.0120000839233,0.0,0.736842105263,0.92844479115,9,l1,"{'penalty': 'l1', 'C': 9}",3,0.682008368201,0.932203389831,0.792372881356,0.924686192469,0.0,0.0,0.0551811559786,0.00375859868094
17,0.00299990177155,0.000500082969666,0.736842105263,0.922168640522,9,l2,"{'penalty': 'l2', 'C': 9}",3,0.686192468619,0.932203389831,0.78813559322,0.912133891213,0.00100004673004,0.000500082969666,0.0509705456831,0.0100347493086
18,0.0159999132156,0.0,0.736842105263,0.92844479115,10,l1,"{'penalty': 'l1', 'C': 10}",3,0.682008368201,0.932203389831,0.792372881356,0.924686192469,0.00199997425079,0.0,0.0551811559786,0.00375859868094
19,0.00299990177155,0.000500082969666,0.736842105263,0.922168640522,10,l2,"{'penalty': 'l2', 'C': 10}",3,0.686192468619,0.932203389831,0.78813559322,0.912133891213,0.00100004673004,0.000500082969666,0.0509705456831,0.0100347493086
