,mean_fit_time,mean_score_time,mean_test_score,mean_train_score,param_C,param_penalty,params,rank_test_score,split0_test_score,split0_train_score,split1_test_score,split1_train_score,std_fit_time,std_score_time,std_test_score,std_train_score
0,0.0035001039505,0.000499963760376,0.762105263158,0.905485426565,1,l1,"{'penalty': 'l1', 'C': 1}",20,0.702928870293,0.940677966102,0.822033898305,0.870292887029,0.000500082969666,0.000499963760376,0.0595513262433,0.0351925395362
1,0.00249993801117,0.0,0.774736842105,0.89709063187,1,l2,"{'penalty': 'l2', 'C': 1}",19,0.723849372385,0.936440677966,0.826271186441,0.857740585774,0.000500082969666,0.0,0.0512098856367,0.039350046096
2,0.00599992275238,0.000499963760376,0.787368421053,0.913853627402,2,l1,"{'penalty': 'l1', 'C': 2}",12,0.719665271967,0.940677966102,0.85593220339,0.887029288703,0.00199997425079,0.000499963760376,0.0681321068035,0.0268243386994
3,0.00199997425079,0.000500082969666,0.791578947368,0.909669526984,2,l2,"{'penalty': 'l2', 'C': 2}",2,0.73640167364,0.940677966102,0.847457627119,0.878661087866,1.19209289551e-07,0.000500082969666,0.055526869245,0.0310084391178
4,0.00699996948242,0.000499963760376,0.793684210526,0.918090915538,3,l1,"{'penalty': 'l1', 'C': 3}",1,0.73640167364,0.949152542373,0.851694915254,0.887029288703,0.000999927520752,0.000499963760376,0.0576454710569,0.031061626835
5,0.00249993801117,0.0,0.791578947368,0.911734983335,3,l2,"{'penalty': 'l2', 'C': 3}",2,0.73640167364,0.936440677966,0.847457627119,0.887029288703,0.000500082969666,0.0,0.055526869245,0.0247056946316
6,0.00750005245209,0.000499963760376,0.791578947368,0.926512304092,4,l1,"{'penalty': 'l1', 'C': 4}",2,0.728033472803,0.957627118644,0.85593220339,0.89539748954,0.000500082969666,0.000499963760376,0.0639480898361,0.0311148145522
7,0.00299990177155,0.0,0.789473684211,0.913853627402,4,l2,"{'penalty': 'l2', 'C': 4}",8,0.73640167364,0.940677966102,0.843220338983,0.887029288703,1.19209289551e-07,0.0,0.0534082674331,0.0268243386994
8,0.00800001621246,0.000999927520752,0.787368421053,0.939064605347,5,l1,"{'penalty': 'l1', 'C': 5}",12,0.728033472803,0.957627118644,0.847457627119,0.92050209205,0.00100004673004,0.0,0.0597108862124,0.0185625132969
9,0.00249993801117,0.0,0.789473684211,0.915945677612,5,l2,"{'penalty': 'l2', 'C': 5}",8,0.73640167364,0.940677966102,0.843220338983,0.891213389121,0.000500082969666,0.0,0.0534082674331,0.0247322884902
10,0.0104999542236,0.000499963760376,0.787368421053,0.939064605347,6,l1,"{'penalty': 'l1', 'C': 6}",12,0.728033472803,0.957627118644,0.847457627119,0.92050209205,0.00349998474121,0.000499963760376,0.0597108862124,0.0185625132969
11,0.00250005722046,0.0,0.789473684211,0.915945677612,6,l2,"{'penalty': 'l2', 'C': 6}",8,0.732217573222,0.940677966102,0.847457627119,0.891213389121,0.000499963760376,0.0,0.0576188777287,0.0247322884902
12,0.0119999647141,0.00100004673004,0.785263157895,0.936972555138,7,l1,"{'penalty': 'l1', 'C': 7}",15,0.728033472803,0.957627118644,0.843220338983,0.916317991632,0.00599992275238,1.19209289551e-07,0.0575922844005,0.0206545635061
13,0.00250005722046,0.000999927520752,0.789473684211,0.915945677612,7,l2,"{'penalty': 'l2', 'C': 7}",8,0.732217573222,0.940677966102,0.847457627119,0.891213389121,0.000499963760376,0.0,0.0576188777287,0.0247322884902
14,0.0129998922348,0.0,0.785263157895,0.939064605347,8,l1,"{'penalty': 'l1', 'C': 8}",15,0.728033472803,0.957627118644,0.843220338983,0.92050209205,0.00199997425079,0.0,0.0575922844005,0.0185625132969
15,0.00300002098083,0.000499963760376,0.791578947368,0.918064321679,8,l2,"{'penalty': 'l2', 'C': 8}",2,0.732217573222,0.944915254237,0.851694915254,0.891213389121,0.0,0.000499963760376,0.0597374795406,0.026850932558
16,0.0139999389648,0.000499963760376,0.785263157895,0.941183249415,9,l1,"{'penalty': 'l1', 'C': 9}",15,0.728033472803,0.96186440678,0.843220338983,0.92050209205,0.00399994850159,0.000499963760376,0.0575922844005,0.0206811573647
17,0.00300002098083,0.000499963760376,0.791578947368,0.922301609815,9,l2,"{'penalty': 'l2', 'C': 9}",2,0.732217573222,0.953389830508,0.851694915254,0.891213389121,0.0,0.000499963760376,0.0597374795406,0.0310882206936
18,0.0164999961853,0.000500082969666,0.783157894737,0.941183249415,10,l1,"{'penalty': 'l1', 'C': 10}",18,0.728033472803,0.96186440678,0.838983050847,0.92050209205,0.00349998474121,0.000500082969666,0.0554736825886,0.0206811573647
19,0.00300002098083,0.000499963760376,0.791578947368,0.922301609815,10,l2,"{'penalty': 'l2', 'C': 10}",2,0.732217573222,0.953389830508,0.851694915254,0.891213389121,0.000999927520752,0.000499963760376,0.0597374795406,0.0310882206936
