,mean_fit_time,mean_score_time,mean_test_score,mean_train_score,param_C,param_penalty,params,rank_test_score,split0_test_score,split0_train_score,split1_test_score,split1_train_score,std_fit_time,std_score_time,std_test_score,std_train_score
0,0.00299990177155,0.000500082969666,0.764210526316,0.926565491809,1,l1,"{'penalty': 'l1', 'C': 1}",20,0.665271966527,0.966101694915,0.864406779661,0.887029288703,0.00100004673004,0.000500082969666,0.0995654207152,0.0395362031062
1,0.00150001049042,0.000999927520752,0.770526315789,0.926565491809,1,l2,"{'penalty': 'l2', 'C': 1}",16,0.677824267782,0.966101694915,0.864406779661,0.887029288703,0.000500082969666,0.0,0.0932893952641,0.0395362031062
2,0.00449991226196,0.000499963760376,0.766315789474,0.941289624849,2,l1,"{'penalty': 'l1', 'C': 2}",19,0.665271966527,0.978813559322,0.868644067797,0.903765690377,0.00250005722046,0.000499963760376,0.101684022527,0.0375239344727
3,0.00250005722046,0.000500082969666,0.772631578947,0.932868236295,2,l2,"{'penalty': 'l2', 'C': 2}",15,0.682008368201,0.970338983051,0.864406779661,0.89539748954,0.000499963760376,0.000500082969666,0.0911973867804,0.0374707467555
4,0.00699996948242,0.00100016593933,0.778947368421,0.945500319126,3,l1,"{'penalty': 'l1', 'C': 3}",13,0.677824267782,0.983050847458,0.881355932203,0.907949790795,0.00300002098083,0.0,0.101763802512,0.0375505283313
5,0.00199997425079,0.000500082969666,0.770526315789,0.943381675059,3,l2,"{'penalty': 'l2', 'C': 3}",16,0.673640167364,0.978813559322,0.868644067797,0.907949790795,1.19209289551e-07,0.000500082969666,0.0975000055597,0.0354318842635
6,0.0090000629425,0.000999927520752,0.778947368421,0.949711013403,4,l1,"{'penalty': 'l1', 'C': 4}",13,0.673640167364,0.987288135593,0.885593220339,0.912133891213,0.00399994850159,0.0,0.105974412807,0.0375771221899
7,0.00249993801117,0.000499963760376,0.770526315789,0.943381675059,4,l2,"{'penalty': 'l2', 'C': 4}",16,0.673640167364,0.978813559322,0.868644067797,0.907949790795,0.00150001049042,0.000499963760376,0.0975000055597,0.0354318842635
8,0.0105000734329,0.000499963760376,0.781052631579,0.95392170768,5,l1,"{'penalty': 'l1', 'C': 5}",9,0.682008368201,0.991525423729,0.881355932203,0.916317991632,0.00849997997284,0.000499963760376,0.0996717940279,0.0376037160485
9,0.00300002098083,0.000499963760376,0.781052631579,0.943381675059,5,l2,"{'penalty': 'l2', 'C': 5}",9,0.690376569038,0.978813559322,0.872881355932,0.907949790795,0.000999927520752,0.000499963760376,0.0912505734368,0.0354318842635
10,0.0130001306534,0.000499963760376,0.781052631579,0.95601375789,6,l1,"{'penalty': 'l1', 'C': 6}",9,0.682008368201,0.991525423729,0.881355932203,0.92050209205,0.00599992275238,0.000499963760376,0.0996717940279,0.0355116658393
11,0.00250005722046,0.000499963760376,0.783157894737,0.947592369336,6,l2,"{'penalty': 'l2', 'C': 6}",6,0.686192468619,0.983050847458,0.881355932203,0.912133891213,0.000499963760376,0.000499963760376,0.0975797855442,0.0354584781221
12,0.00949990749359,0.000499963760376,0.781052631579,0.95392170768,7,l1,"{'penalty': 'l1', 'C': 7}",9,0.682008368201,0.991525423729,0.881355932203,0.916317991632,0.00150001049042,0.000499963760376,0.0996717940279,0.0376037160485
13,0.00300002098083,0.000999927520752,0.785263157895,0.947592369336,7,l2,"{'penalty': 'l2', 'C': 7}",2,0.690376569038,0.983050847458,0.881355932203,0.912133891213,0.000999927520752,0.0,0.0954877770605,0.0354584781221
14,0.00949990749359,0.000500082969666,0.785263157895,0.95601375789,8,l1,"{'penalty': 'l1', 'C': 8}",2,0.690376569038,0.991525423729,0.881355932203,0.92050209205,0.0035001039505,0.000500082969666,0.0954877770605,0.0355116658393
15,0.00250005722046,0.00100004673004,0.787368421053,0.951803063613,8,l2,"{'penalty': 'l2', 'C': 8}",1,0.690376569038,0.987288135593,0.885593220339,0.916317991632,0.000499963760376,1.19209289551e-07,0.0976063788724,0.0354850719807
16,0.0104999542236,0.000499963760376,0.783157894737,0.95601375789,9,l1,"{'penalty': 'l1', 'C': 9}",6,0.686192468619,0.991525423729,0.881355932203,0.92050209205,0.00449991226196,0.000499963760376,0.0975797855442,0.0355116658393
17,0.00300002098083,0.000500082969666,0.785263157895,0.951803063613,9,l2,"{'penalty': 'l2', 'C': 9}",2,0.690376569038,0.987288135593,0.881355932203,0.916317991632,0.000999927520752,0.000500082969666,0.0954877770605,0.0354850719807
18,0.0090000629425,0.0,0.783157894737,0.95601375789,10,l1,"{'penalty': 'l1', 'C': 10}",6,0.686192468619,0.991525423729,0.881355932203,0.92050209205,0.00499987602234,0.0,0.0975797855442,0.0355116658393
19,0.00299990177155,0.000500082969666,0.785263157895,0.951803063613,10,l2,"{'penalty': 'l2', 'C': 10}",2,0.690376569038,0.987288135593,0.881355932203,0.916317991632,1.19209289551e-07,0.000500082969666,0.0954877770605,0.0354850719807
