,mean_fit_time,mean_score_time,mean_test_score,mean_train_score,param_C,param_penalty,params,rank_test_score,split0_test_score,split0_train_score,split1_test_score,split1_train_score,std_fit_time,std_score_time,std_test_score,std_train_score
0,0.00300002098083,0.0,0.726315789474,0.895025175519,1,l1,"{'penalty': 'l1', 'C': 1}",6,0.682008368201,0.940677966102,0.771186440678,0.849372384937,0.000999927520752,0.0,0.0445881469193,0.0456527905822
1,0.00150001049042,0.00100004673004,0.726315789474,0.905512020424,1,l2,"{'penalty': 'l2', 'C': 1}",6,0.686192468619,0.944915254237,0.766949152542,0.866108786611,0.000500082969666,1.19209289551e-07,0.0403775366237,0.0394032338132
2,0.00550007820129,0.0,0.72,0.920209559606,2,l1,"{'penalty': 'l1', 'C': 2}",17,0.673640167364,0.953389830508,0.766949152542,0.887029288703,0.000499963760376,0.0,0.0466535620748,0.0331802709028
3,0.00250005722046,0.000499963760376,0.730526315789,0.909696120842,2,l2,"{'penalty': 'l2', 'C': 2}",4,0.690376569038,0.944915254237,0.771186440678,0.874476987448,0.000499963760376,0.000499963760376,0.0404041299519,0.0352191333948
4,0.00499999523163,0.000499963760376,0.717894736842,0.924393660024,3,l1,"{'penalty': 'l1', 'C': 3}",19,0.669456066946,0.953389830508,0.766949152542,0.89539748954,0.00100004673004,0.000499963760376,0.0487455705585,0.0289961704844
5,0.00199997425079,0.000500082969666,0.732631578947,0.918117509396,3,l2,"{'penalty': 'l2', 'C': 3}",2,0.690376569038,0.953389830508,0.775423728814,0.882845188285,1.19209289551e-07,0.000500082969666,0.0425227317638,0.035272321112
6,0.00750017166138,0.000999927520752,0.724210526316,0.928604354301,4,l1,"{'penalty': 'l1', 'C': 4}",15,0.673640167364,0.957627118644,0.775423728814,0.899581589958,0.000499963760376,0.0,0.0508907656985,0.029022764343
7,0.00249993801117,0.000500082969666,0.736842105263,0.924393660024,4,l2,"{'penalty': 'l2', 'C': 4}",1,0.690376569038,0.953389830508,0.783898305085,0.89539748954,0.000500082969666,0.000500082969666,0.0467599353875,0.0289961704844
8,0.005499958992,0.000499963760376,0.72,0.939091199206,5,l1,"{'penalty': 'l1', 'C': 5}",17,0.669456066946,0.96186440678,0.771186440678,0.916317991632,0.00249993801117,0.000499963760376,0.0508641723703,0.0227732075739
9,0.00249993801117,0.0,0.732631578947,0.924393660024,5,l2,"{'penalty': 'l2', 'C': 5}",2,0.686192468619,0.953389830508,0.779661016949,0.89539748954,0.000500082969666,0.0,0.0467333420593,0.0289961704844
10,0.00599992275238,0.00100016593933,0.726315789474,0.943275299624,6,l1,"{'penalty': 'l1', 'C': 6}",6,0.673640167364,0.96186440678,0.779661016949,0.924686192469,0.00100004673004,0.0,0.0530093675104,0.0185891071555
11,0.00199997425079,0.000500082969666,0.730526315789,0.924393660024,6,l2,"{'penalty': 'l2', 'C': 6}",4,0.686192468619,0.953389830508,0.775423728814,0.89539748954,1.19209289551e-07,0.000500082969666,0.0446147402475,0.0289961704844
12,0.00800001621246,0.000499963760376,0.726315789474,0.945420537551,7,l1,"{'penalty': 'l1', 'C': 7}",6,0.665271966527,0.970338983051,0.78813559322,0.92050209205,0.00299990177155,0.000499963760376,0.0614305881015,0.0249184455003
13,0.00249993801117,0.000499963760376,0.726315789474,0.926485710233,7,l2,"{'penalty': 'l2', 'C': 7}",6,0.682008368201,0.953389830508,0.771186440678,0.899581589958,0.000500082969666,0.000499963760376,0.0445881469193,0.0269041202752
14,0.0130000114441,0.000499963760376,0.726315789474,0.947539181618,8,l1,"{'penalty': 'l1', 'C': 8}",6,0.665271966527,0.974576271186,0.78813559322,0.92050209205,0.00300002098083,0.000499963760376,0.0614305881015,0.0270370895681
15,0.00250005722046,0.0,0.726315789474,0.926485710233,8,l2,"{'penalty': 'l2', 'C': 8}",6,0.682008368201,0.953389830508,0.771186440678,0.899581589958,0.000499963760376,0.0,0.0445881469193,0.0269041202752
16,0.00700008869171,0.0,0.722105263158,0.947539181618,9,l1,"{'penalty': 'l1', 'C': 9}",16,0.665271966527,0.974576271186,0.779661016949,0.92050209205,0.00199997425079,0.0,0.0571933844778,0.0270370895681
17,0.00249993801117,0.000500082969666,0.726315789474,0.928577760443,9,l2,"{'penalty': 'l2', 'C': 9}",6,0.682008368201,0.953389830508,0.771186440678,0.903765690377,0.000500082969666,0.000500082969666,0.0445881469193,0.024812070066
18,0.00799989700317,0.000500082969666,0.715789473684,0.951749875895,10,l1,"{'penalty': 'l1', 'C': 10}",20,0.652719665272,0.978813559322,0.779661016949,0.924686192469,0.00300002098083,0.000500082969666,0.0634694099288,0.0270636834267
19,0.00300014019012,0.0,0.726315789474,0.930669810652,10,l2,"{'penalty': 'l2', 'C': 10}",6,0.682008368201,0.953389830508,0.771186440678,0.907949790795,0.00100004673004,0.0,0.0445881469193,0.0227200198567
