,mean_fit_time,mean_score_time,mean_test_score,mean_train_score,param_C,param_penalty,params,rank_test_score,split0_test_score,split0_train_score,split1_test_score,split1_train_score,std_fit_time,std_score_time,std_test_score,std_train_score
0,0.00400006771088,0.000499963760376,0.753684210526,0.918144103255,1,l1,"{'penalty': 'l1', 'C': 1}",12,0.686192468619,0.957627118644,0.822033898305,0.878661087866,1.19209289551e-07,0.000499963760376,0.067919360178,0.039483015389
1,0.00150001049042,0.000500082969666,0.751578947368,0.924446847741,1,l2,"{'penalty': 'l2', 'C': 1}",15,0.682008368201,0.96186440678,0.822033898305,0.887029288703,0.000500082969666,0.000500082969666,0.0700113686617,0.0374175590384
2,0.0035001039505,0.000499963760376,0.753684210526,0.943301893483,2,l1,"{'penalty': 'l1', 'C': 2}",12,0.677824267782,0.966101694915,0.830508474576,0.92050209205,0.000500082969666,0.000499963760376,0.0763405807691,0.0227998014325
3,0.00150001049042,0.00100004673004,0.753684210526,0.934960286505,2,l2,"{'penalty': 'l2', 'C': 2}",12,0.690376569038,0.970338983051,0.817796610169,0.899581589958,0.000500082969666,1.19209289551e-07,0.0637087498825,0.0353786965463
4,0.00600004196167,0.000499963760376,0.755789473684,0.962210126941,3,l1,"{'penalty': 'l1', 'C': 3}",7,0.690376569038,0.978813559322,0.822033898305,0.945606694561,0.0,0.000499963760376,0.0658273516943,0.0166034323807
5,0.00200009346008,0.00100004673004,0.755789473684,0.945420537551,3,l2,"{'penalty': 'l2', 'C': 3}",7,0.690376569038,0.970338983051,0.822033898305,0.92050209205,0.000999927520752,1.19209289551e-07,0.0658273516943,0.0249184455003
6,0.00650000572205,0.000499963760376,0.755789473684,0.966447415077,4,l1,"{'penalty': 'l1', 'C': 4}",7,0.682008368201,0.987288135593,0.830508474576,0.945606694561,0.000499963760376,0.000499963760376,0.0742485722855,0.0208407205163
7,0.00300002098083,0.0,0.751578947368,0.949631231828,4,l2,"{'penalty': 'l2', 'C': 4}",15,0.690376569038,0.974576271186,0.813559322034,0.924686192469,0.0,0.0,0.0615901480706,0.0249450393589
8,0.0090000629425,0.000499963760376,0.757894736842,0.966420821218,5,l1,"{'penalty': 'l1', 'C': 5}",5,0.677824267782,0.983050847458,0.838983050847,0.949790794979,0.000999927520752,0.000499963760376,0.0805777843929,0.0166300262393
9,0.00250005722046,0.000999927520752,0.747368421053,0.958026026523,5,l2,"{'penalty': 'l2', 'C': 5}",20,0.686192468619,0.978813559322,0.809322033898,0.937238493724,0.000499963760376,0.0,0.0615635547424,0.0207875327991
10,0.0104999542236,0.00100016593933,0.757894736842,0.968539465286,6,l1,"{'penalty': 'l1', 'C': 6}",5,0.673640167364,0.987288135593,0.843220338983,0.949790794979,0.00250005722046,0.0,0.0847883946884,0.0187486703071
11,0.00300002098083,0.000499963760376,0.751578947368,0.960118076732,6,l2,"{'penalty': 'l2', 'C': 6}",15,0.686192468619,0.978813559322,0.817796610169,0.941422594142,0.0,0.000499963760376,0.0658007583662,0.0186954825899
12,0.0105000734329,0.000999927520752,0.76,0.974815615914,7,l1,"{'penalty': 'l1', 'C': 7}",4,0.677824267782,0.987288135593,0.843220338983,0.962343096234,0.00349986553192,0.0,0.0826963862048,0.0124725196795
13,0.00299990177155,0.000499963760376,0.751578947368,0.960118076732,7,l2,"{'penalty': 'l2', 'C': 7}",15,0.686192468619,0.978813559322,0.817796610169,0.941422594142,1.19209289551e-07,0.000499963760376,0.0658007583662,0.0186954825899
14,0.012500166893,0.000999927520752,0.764210526316,0.981091766541,8,l1,"{'penalty': 'l1', 'C': 8}",1,0.677824267782,0.987288135593,0.851694915254,0.97489539749,0.00450003147125,0.0,0.0869335898285,0.00619636905184
15,0.00299990177155,0.000500082969666,0.751578947368,0.9622367208,8,l2,"{'penalty': 'l2', 'C': 8}",15,0.686192468619,0.983050847458,0.817796610169,0.941422594142,0.00100004673004,0.000500082969666,0.0658007583662,0.0208141266577
16,0.0125000476837,0.000999927520752,0.764210526316,0.983183816751,9,l1,"{'penalty': 'l1', 'C': 9}",1,0.682008368201,0.987288135593,0.847457627119,0.979079497908,0.00650000572205,0.0,0.0827229795329,0.00410431884264
17,0.00300002098083,0.000499963760376,0.755789473684,0.9622367208,9,l2,"{'penalty': 'l2', 'C': 9}",7,0.686192468619,0.983050847458,0.826271186441,0.941422594142,0.000999927520752,0.000499963760376,0.0700379619899,0.0208141266577
18,0.0149998664856,0.000500082969666,0.762105263158,0.983183816751,10,l1,"{'penalty': 'l1', 'C': 10}",3,0.677824267782,0.987288135593,0.847457627119,0.979079497908,0.00699996948242,0.000500082969666,0.0848149880166,0.00410431884264
19,0.00250005722046,0.000499963760376,0.755789473684,0.9622367208,10,l2,"{'penalty': 'l2', 'C': 10}",7,0.682008368201,0.983050847458,0.830508474576,0.941422594142,0.000499963760376,0.000499963760376,0.0742485722855,0.0208141266577
