,mean_fit_time,mean_score_time,mean_test_score,mean_train_score,param_C,param_penalty,params,rank_test_score,split0_test_score,split0_train_score,split1_test_score,split1_train_score,std_fit_time,std_score_time,std_test_score,std_train_score
0,0.00249993801117,0.00100004673004,0.778947368421,0.901274732288,1,l1,"{'penalty': 'l1', 'C': 1}",4,0.682008368201,0.936440677966,0.877118644068,0.866108786611,0.000499844551086,1.19209289551e-07,0.097553192216,0.0351659456776
1,0.00250005722046,0.000999927520752,0.770526315789,0.888616055599,1,l2,"{'penalty': 'l2', 'C': 1}",13,0.682008368201,0.919491525424,0.860169491525,0.857740585774,0.000499963760376,0.0,0.0890787849686,0.0308754698248
2,0.00449991226196,0.00100004673004,0.785263157895,0.91597227147,2,l1,"{'penalty': 'l1', 'C': 2}",1,0.694560669456,0.944915254237,0.877118644068,0.887029288703,0.000499963760376,1.19209289551e-07,0.091277166765,0.0289429827672
3,0.00250005722046,0.000499963760376,0.774736842105,0.905458832707,2,l2,"{'penalty': 'l2', 'C': 2}",11,0.677824267782,0.936440677966,0.872881355932,0.874476987448,0.000499963760376,0.000499963760376,0.0975265988879,0.0309818452592
4,0.00599992275238,0.000999927520752,0.776842105263,0.924420253883,3,l1,"{'penalty': 'l1', 'C': 3}",8,0.677824267782,0.957627118644,0.877118644068,0.891213389121,0.00100004673004,0.0,0.0996452006997,0.0332068647614
5,0.00250005722046,0.000499963760376,0.774736842105,0.911761577193,3,l2,"{'penalty': 'l2', 'C': 3}",11,0.682008368201,0.940677966102,0.868644067797,0.882845188285,0.000499963760376,0.000499963760376,0.0933159885923,0.0289163889086
6,0.00499999523163,0.0,0.778947368421,0.928604354301,4,l1,"{'penalty': 'l1', 'C': 4}",4,0.686192468619,0.957627118644,0.872881355932,0.899581589958,1.19209289551e-07,0.0,0.0933425819205,0.029022764343
7,0.00250005722046,0.0,0.770526315789,0.918064321679,4,l2,"{'penalty': 'l2', 'C': 4}",13,0.669456066946,0.944915254237,0.872881355932,0.891213389121,0.000499963760376,0.0,0.101710615855,0.026850932558
8,0.00700008869171,0.0,0.776842105263,0.928604354301,5,l1,"{'penalty': 'l1', 'C': 5}",8,0.690376569038,0.957627118644,0.864406779661,0.899581589958,0.00100004673004,0.0,0.087013369813,0.029022764343
9,0.00300014019012,0.0,0.770526315789,0.91597227147,5,l2,"{'penalty': 'l2', 'C': 5}",13,0.669456066946,0.944915254237,0.872881355932,0.887029288703,0.00100004673004,0.0,0.101710615855,0.0289429827672
10,0.00799989700317,0.000499963760376,0.778947368421,0.93278845472,6,l1,"{'penalty': 'l1', 'C': 6}",4,0.694560669456,0.957627118644,0.864406779661,0.907949790795,0.000999927520752,0.000499963760376,0.0849213613294,0.0248386639245
11,0.00300014019012,0.0,0.770526315789,0.918064321679,6,l2,"{'penalty': 'l2', 'C': 6}",13,0.669456066946,0.944915254237,0.872881355932,0.891213389121,0.00100004673004,0.0,0.101710615855,0.026850932558
12,0.0110000371933,0.0,0.781052631579,0.939064605347,7,l1,"{'penalty': 'l1', 'C': 7}",2,0.694560669456,0.957627118644,0.868644067797,0.92050209205,0.00199997425079,0.0,0.0870399631412,0.0185625132969
13,0.00300002098083,0.000500082969666,0.770526315789,0.915998865329,7,l2,"{'penalty': 'l2', 'C': 7}",13,0.669456066946,0.949152542373,0.872881355932,0.882845188285,0.0,0.000500082969666,0.101710615855,0.0331536770442
14,0.0125000476837,0.0,0.781052631579,0.939064605347,8,l1,"{'penalty': 'l1', 'C': 8}",2,0.694560669456,0.957627118644,0.868644067797,0.92050209205,0.00149989128113,0.0,0.0870399631412,0.0185625132969
15,0.00300014019012,0.000499963760376,0.768421052632,0.920209559606,8,l2,"{'penalty': 'l2', 'C': 8}",18,0.669456066946,0.953389830508,0.868644067797,0.887029288703,0.00100004673004,0.000499963760376,0.0995920140434,0.0331802709028
16,0.010999917984,0.0,0.778947368421,0.941183249415,9,l1,"{'penalty': 'l1', 'C': 9}",4,0.690376569038,0.96186440678,0.868644067797,0.92050209205,0.00300002098083,0.0,0.0891319716249,0.0206811573647
17,0.00200009346008,0.000999927520752,0.768421052632,0.920209559606,9,l2,"{'penalty': 'l2', 'C': 9}",18,0.669456066946,0.953389830508,0.868644067797,0.887029288703,0.0,0.0,0.0995920140434,0.0331802709028
18,0.011500120163,0.0,0.776842105263,0.947459400043,10,l1,"{'penalty': 'l1', 'C': 10}",8,0.690376569038,0.96186440678,0.864406779661,0.933054393305,0.000499963760376,0.0,0.087013369813,0.0144050067371
19,0.00300014019012,0.0,0.768421052632,0.922301609815,10,l2,"{'penalty': 'l2', 'C': 10}",18,0.669456066946,0.953389830508,0.868644067797,0.891213389121,0.00100004673004,0.0,0.0995920140434,0.0310882206936
