,mean_fit_time,mean_score_time,mean_test_score,mean_train_score,param_C,param_penalty,params,rank_test_score,split0_test_score,split0_train_score,split1_test_score,split1_train_score,std_fit_time,std_score_time,std_test_score,std_train_score
0,0.00349998474121,0.0,0.705263157895,0.888350117013,1,l1,"{'penalty': 'l1', 'C': 1}",20,0.661087866109,0.877118644068,0.75,0.899581589958,0.000499963760376,0.0,0.0444551802784,0.0112314729452
1,0.00249993801117,0.000500082969666,0.724210526316,0.901008793703,1,l2,"{'penalty': 'l2', 'C': 1}",19,0.669456066946,0.89406779661,0.779661016949,0.907949790795,0.000499844551086,0.000500082969666,0.0551013759941,0.0069409970924
2,0.00399994850159,0.00100004673004,0.741052631579,0.90521948798,2,l1,"{'penalty': 'l1', 'C': 2}",5,0.690376569038,0.898305084746,0.792372881356,0.912133891213,0.000999927520752,1.19209289551e-07,0.0509971390113,0.00691440323381
3,0.00300002098083,0.0,0.738947368421,0.911575420183,2,l2,"{'penalty': 'l2', 'C': 2}",6,0.682008368201,0.911016949153,0.796610169492,0.912133891213,0.0,0.0,0.0572997577905,0.000558471030423
4,0.00399994850159,0.000499963760376,0.736842105263,0.909483369974,3,l1,"{'penalty': 'l1', 'C': 3}",11,0.690376569038,0.911016949153,0.783898305085,0.907949790795,0.0,0.000499963760376,0.0467599353875,0.00153357917878
5,0.00249993801117,0.000499963760376,0.738947368421,0.909483369974,3,l2,"{'penalty': 'l2', 'C': 3}",6,0.682008368201,0.911016949153,0.796610169492,0.907949790795,0.000500082969666,0.000499963760376,0.0572997577905,0.00153357917878
6,0.00599992275238,0.000499963760376,0.736842105263,0.909483369974,4,l1,"{'penalty': 'l1', 'C': 4}",11,0.690376569038,0.911016949153,0.783898305085,0.907949790795,0.00199997425079,0.000499963760376,0.0467599353875,0.00153357917878
7,0.00249993801117,0.0,0.751578947368,0.909483369974,4,l2,"{'penalty': 'l2', 'C': 4}",1,0.707112970711,0.911016949153,0.796610169492,0.907949790795,0.000500082969666,0.0,0.0447477068884,0.00153357917878
8,0.00650000572205,0.000500082969666,0.732631578947,0.917878164669,5,l1,"{'penalty': 'l1', 'C': 5}",13,0.686192468619,0.915254237288,0.779661016949,0.92050209205,0.00150012969971,0.000500082969666,0.0467333420593,0.00262392738104
9,0.00250005722046,0.000499963760376,0.749473684211,0.909483369974,5,l2,"{'penalty': 'l2', 'C': 5}",2,0.707112970711,0.911016949153,0.792372881356,0.907949790795,0.000499963760376,0.000499963760376,0.0426291050765,0.00153357917878
10,0.00849997997284,0.000499963760376,0.730526315789,0.919996808737,6,l1,"{'penalty': 'l1', 'C': 6}",14,0.690376569038,0.919491525424,0.771186440678,0.92050209205,0.00249993801117,0.000499963760376,0.0404041299519,0.00050528331324
11,0.00250005722046,0.000499963760376,0.745263157895,0.911575420183,6,l2,"{'penalty': 'l2', 'C': 6}",3,0.707112970711,0.911016949153,0.783898305085,0.912133891213,0.000499963760376,0.000499963760376,0.0383919014528,0.000558471030423
12,0.00950002670288,0.000499963760376,0.728421052632,0.922088858946,7,l1,"{'penalty': 'l1', 'C': 7}",15,0.686192468619,0.919491525424,0.771186440678,0.924686192469,0.00349998474121,0.000499963760376,0.0424961384356,0.00259733352245
13,0.00349998474121,0.000500082969666,0.745263157895,0.913667470392,7,l2,"{'penalty': 'l2', 'C': 7}",3,0.707112970711,0.911016949153,0.783898305085,0.916317991632,0.000499963760376,0.000500082969666,0.0383919014528,0.00265052123963
14,0.0120000839233,0.000499963760376,0.726315789474,0.922088858946,8,l1,"{'penalty': 'l1', 'C': 8}",17,0.682008368201,0.919491525424,0.771186440678,0.924686192469,0.00399994850159,0.000499963760376,0.0445881469193,0.00259733352245
15,0.00300002098083,0.000499963760376,0.738947368421,0.913667470392,8,l2,"{'penalty': 'l2', 'C': 8}",6,0.698744769874,0.911016949153,0.779661016949,0.916317991632,0.0,0.000499963760376,0.0404573166083,0.00265052123963
16,0.0120000839233,0.000499963760376,0.726315789474,0.928391603432,9,l1,"{'penalty': 'l1', 'C': 9}",17,0.682008368201,0.923728813559,0.771186440678,0.933054393305,0.00600004196167,0.000499963760376,0.0445881469193,0.00466278987306
17,0.00249993801117,0.000499963760376,0.738947368421,0.913667470392,9,l2,"{'penalty': 'l2', 'C': 9}",6,0.694560669456,0.911016949153,0.783898305085,0.916317991632,0.000500082969666,0.000499963760376,0.0446679269038,0.00265052123963
18,0.0115000009537,0.000999927520752,0.728421052632,0.936786398128,10,l1,"{'penalty': 'l1', 'C': 10}",15,0.690376569038,0.927966101695,0.766949152542,0.945606694561,0.005499958992,0.0,0.03828552814,0.00882029643288
19,0.00349998474121,0.000499963760376,0.738947368421,0.913667470392,10,l2,"{'penalty': 'l2', 'C': 10}",6,0.694560669456,0.911016949153,0.783898305085,0.916317991632,0.000499963760376,0.000499963760376,0.0446679269038,0.00265052123963
