,mean_fit_time,mean_score_time,mean_test_score,mean_train_score,param_C,param_penalty,params,rank_test_score,split0_test_score,split0_train_score,split1_test_score,split1_train_score,std_fit_time,std_score_time,std_test_score,std_train_score
0,0.0035001039505,0.000499963760376,0.778947368421,0.903393376356,1,l1,"{'penalty': 'l1', 'C': 1}",20,0.698744769874,0.940677966102,0.860169491525,0.866108786611,0.000500082969666,0.000499963760376,0.0807107510338,0.0372845897454
1,0.00250005722046,0.0,0.793684210526,0.899156088221,1,l2,"{'penalty': 'l2', 'C': 1}",11,0.723849372385,0.932203389831,0.864406779661,0.866108786611,0.000499963760376,0.0,0.0702773019435,0.0330473016098
2,0.00550007820129,0.000999927520752,0.785263157895,0.913880221261,2,l1,"{'penalty': 'l1', 'C': 2}",19,0.71129707113,0.944915254237,0.860169491525,0.882845188285,0.000499963760376,0.0,0.0744347255827,0.0310350329764
3,0.00249993801117,0.000500082969666,0.789473684211,0.903340188639,2,l2,"{'penalty': 'l2', 'C': 2}",15,0.723849372385,0.932203389831,0.85593220339,0.874476987448,0.000500082969666,0.000500082969666,0.0660400983198,0.0288632011914
4,0.00999987125397,0.000500082969666,0.787368421053,0.91597227147,3,l1,"{'penalty': 'l1', 'C': 3}",17,0.71129707113,0.944915254237,0.864406779661,0.887029288703,0.00100004673004,0.000500082969666,0.0765533273946,0.0289429827672
5,0.00250005722046,0.000500082969666,0.787368421053,0.907550882916,3,l2,"{'penalty': 'l2', 'C': 3}",17,0.719665271967,0.936440677966,0.85593220339,0.878661087866,0.000499963760376,0.000500082969666,0.0681321068035,0.02888979505
6,0.00849997997284,0.0,0.789473684211,0.918064321679,4,l1,"{'penalty': 'l1', 'C': 4}",15,0.71129707113,0.944915254237,0.868644067797,0.891213389121,0.00249993801117,0.0,0.0786719292065,0.026850932558
7,0.00199997425079,0.000499963760376,0.793684210526,0.911734983335,4,l2,"{'penalty': 'l2', 'C': 4}",11,0.719665271967,0.936440677966,0.868644067797,0.887029288703,1.19209289551e-07,0.000499963760376,0.0744879122391,0.0247056946316
8,0.0110000371933,0.000999927520752,0.793684210526,0.920156371889,5,l1,"{'penalty': 'l1', 'C': 5}",11,0.719665271967,0.944915254237,0.868644067797,0.89539748954,0.00299990177155,0.0,0.0744879122391,0.0247588823488
9,0.00249993801117,0.0,0.791578947368,0.915945677612,5,l2,"{'penalty': 'l2', 'C': 5}",14,0.715481171548,0.940677966102,0.868644067797,0.891213389121,0.000500082969666,0.0,0.0765799207228,0.0247322884902
10,0.0104999542236,0.000999927520752,0.797894736842,0.928551166584,6,l1,"{'penalty': 'l1', 'C': 6}",7,0.723849372385,0.949152542373,0.872881355932,0.907949790795,0.00550007820129,0.0,0.0745145055673,0.020601375789
11,0.00300002098083,0.000500082969666,0.795789473684,0.918064321679,6,l2,"{'penalty': 'l2', 'C': 6}",10,0.719665271967,0.944915254237,0.872881355932,0.891213389121,0.00100016593933,0.000500082969666,0.076606514051,0.026850932558
12,0.011500120163,0.000499963760376,0.797894736842,0.93485391107,7,l1,"{'penalty': 'l1', 'C': 7}",7,0.723849372385,0.953389830508,0.872881355932,0.916317991632,0.00449991226196,0.000499963760376,0.0745145055673,0.0185359194383
13,0.00250005722046,0.000999927520752,0.797894736842,0.918064321679,7,l2,"{'penalty': 'l2', 'C': 7}",7,0.723849372385,0.944915254237,0.872881355932,0.891213389121,0.000499963760376,0.0,0.0745145055673,0.026850932558
14,0.0139999389648,0.00100004673004,0.806315789474,0.93485391107,8,l1,"{'penalty': 'l1', 'C': 8}",3,0.740585774059,0.953389830508,0.872881355932,0.916317991632,0.00600004196167,1.19209289551e-07,0.0661464716325,0.0185359194383
15,0.00249993801117,0.000499963760376,0.804210526316,0.918064321679,8,l2,"{'penalty': 'l2', 'C': 8}",4,0.732217573222,0.944915254237,0.877118644068,0.891213389121,0.000499844551086,0.000499963760376,0.0724490904118,0.026850932558
16,0.0145000219345,0.000499963760376,0.812631578947,0.936945961279,9,l1,"{'penalty': 'l1', 'C': 9}",1,0.748953974895,0.953389830508,0.877118644068,0.92050209205,0.005499958992,0.000499963760376,0.064081056477,0.0164438692291
17,0.00249993801117,0.00100004673004,0.804210526316,0.918064321679,9,l2,"{'penalty': 'l2', 'C': 9}",4,0.728033472803,0.944915254237,0.881355932203,0.891213389121,0.000499844551086,1.19209289551e-07,0.0766597007073,0.026850932558
18,0.0160000324249,0.000999927520752,0.812631578947,0.936945961279,10,l1,"{'penalty': 'l1', 'C': 10}",1,0.753138075314,0.953389830508,0.872881355932,0.92050209205,0.00499987602234,0.0,0.0598704461815,0.0164438692291
19,0.00349998474121,0.000499963760376,0.804210526316,0.918064321679,10,l2,"{'penalty': 'l2', 'C': 10}",4,0.723849372385,0.944915254237,0.885593220339,0.891213389121,0.000499963760376,0.000499963760376,0.0808703110029,0.026850932558
