,mean_fit_time,mean_score_time,mean_test_score,mean_train_score,param_C,param_penalty,params,rank_test_score,split0_test_score,split0_train_score,split1_test_score,split1_train_score,std_fit_time,std_score_time,std_test_score,std_train_score
0,0.00600004196167,0.0,0.797894736842,0.880380824055,1,l1,"{'penalty': 'l1', 'C': 1}",3,0.723849372385,0.940677966102,0.872881355932,0.820083682008,0.00200009346008,0.0,0.0745145055673,0.0602971420467
1,0.00150012969971,0.000499963760376,0.795789473684,0.882472874264,1,l2,"{'penalty': 'l2', 'C': 1}",10,0.723849372385,0.940677966102,0.868644067797,0.824267782427,0.000499963760376,0.000499963760376,0.0723959037554,0.0582050918375
2,0.00650000572205,0.0,0.8,0.882526061981,2,l1,"{'penalty': 'l1', 'C': 2}",1,0.723849372385,0.949152542373,0.877118644068,0.81589958159,0.00250005722046,0.0,0.0766331073792,0.0666264803915
3,0.00150012969971,0.0,0.791578947368,0.878315367704,2,l2,"{'penalty': 'l2', 'C': 2}",16,0.719665271967,0.944915254237,0.864406779661,0.811715481172,0.000499963760376,0.0,0.0723693104272,0.0665998865329
4,0.00699996948242,0.000500082969666,0.8,0.88255265584,3,l1,"{'penalty': 'l1', 'C': 3}",1,0.732217573222,0.953389830508,0.868644067797,0.811715481172,0.000999927520752,0.000500082969666,0.068211886788,0.0708371746685
5,0.00150012969971,0.0,0.797894736842,0.882499468123,3,l2,"{'penalty': 'l2', 'C': 3}",3,0.728033472803,0.944915254237,0.868644067797,0.820083682008,0.000499963760376,0.0,0.0703038952717,0.0624157861145
6,0.00849997997284,0.000500082969666,0.795789473684,0.884671299908,4,l1,"{'penalty': 'l1', 'C': 4}",10,0.728033472803,0.957627118644,0.864406779661,0.811715481172,0.00150001049042,0.000500082969666,0.0681852934599,0.0729558187363
7,0.00199997425079,0.0,0.795789473684,0.884618112191,4,l2,"{'penalty': 'l2', 'C': 4}",10,0.723849372385,0.949152542373,0.868644067797,0.820083682008,1.19209289551e-07,0.0,0.0723959037554,0.0645344301823
8,0.0090000629425,0.0,0.795789473684,0.884671299908,5,l1,"{'penalty': 'l1', 'C': 5}",10,0.728033472803,0.957627118644,0.864406779661,0.811715481172,0.000999927520752,0.0,0.0681852934599,0.0729558187363
9,0.000999927520752,0.000499963760376,0.793684210526,0.884618112191,5,l2,"{'penalty': 'l2', 'C': 5}",14,0.723849372385,0.949152542373,0.864406779661,0.820083682008,0.0,0.000499963760376,0.0702773019435,0.0645344301823
10,0.00899994373322,0.0,0.797894736842,0.884671299908,6,l1,"{'penalty': 'l1', 'C': 6}",3,0.732217573222,0.957627118644,0.864406779661,0.811715481172,0.00199997425079,0.0,0.0660932849762,0.0729558187363
11,0.00150001049042,0.000999927520752,0.793684210526,0.884618112191,6,l2,"{'penalty': 'l2', 'C': 6}",14,0.723849372385,0.949152542373,0.864406779661,0.820083682008,0.000499844551086,0.0,0.0702773019435,0.0645344301823
12,0.00999999046326,0.000999927520752,0.797894736842,0.886763350117,7,l1,"{'penalty': 'l1', 'C': 7}",3,0.732217573222,0.957627118644,0.864406779661,0.81589958159,0.000999927520752,0.0,0.0660932849762,0.0708637685271
13,0.00149989128113,0.0,0.791578947368,0.884618112191,7,l2,"{'penalty': 'l2', 'C': 7}",16,0.719665271967,0.949152542373,0.864406779661,0.820083682008,0.000499963760376,0.0,0.0723693104272,0.0645344301823
14,0.0119999647141,0.000499963760376,0.797894736842,0.884671299908,8,l1,"{'penalty': 'l1', 'C': 8}",3,0.732217573222,0.957627118644,0.864406779661,0.811715481172,0.00100004673004,0.000499963760376,0.0660932849762,0.0729558187363
15,0.00149989128113,0.0,0.791578947368,0.884618112191,8,l2,"{'penalty': 'l2', 'C': 8}",16,0.719665271967,0.949152542373,0.864406779661,0.820083682008,0.000499963760376,0.0,0.0723693104272,0.0645344301823
16,0.0119999647141,0.000499963760376,0.797894736842,0.88255265584,9,l1,"{'penalty': 'l1', 'C': 9}",3,0.732217573222,0.953389830508,0.864406779661,0.811715481172,1.19209289551e-07,0.000499963760376,0.0660932849762,0.0708371746685
17,0.00149989128113,0.000499963760376,0.791578947368,0.882526061981,9,l2,"{'penalty': 'l2', 'C': 9}",16,0.719665271967,0.949152542373,0.864406779661,0.81589958159,0.000499963760376,0.000499963760376,0.0723693104272,0.0666264803915
18,0.0100001096725,0.0,0.797894736842,0.886736756258,10,l1,"{'penalty': 'l1', 'C': 10}",3,0.732217573222,0.953389830508,0.864406779661,0.820083682008,0.00100004673004,0.0,0.0660932849762,0.0666530742501
19,0.00100004673004,0.0,0.791578947368,0.886763350117,10,l2,"{'penalty': 'l2', 'C': 10}",16,0.719665271967,0.957627118644,0.864406779661,0.81589958159,1.19209289551e-07,0.0,0.0723693104272,0.0708637685271
