,mean_fit_time,mean_score_time,mean_test_score,mean_train_score,param_C,param_penalty,params,rank_test_score,split0_test_score,split0_train_score,split1_test_score,split1_train_score,std_fit_time,std_score_time,std_test_score,std_train_score
0,0.0035001039505,0.000499963760376,0.745263157895,0.905565208141,1,l1,"{'penalty': 'l1', 'C': 1}",19,0.690376569038,0.953389830508,0.800847457627,0.857740585774,0.000500082969666,0.000499963760376,0.055234342635,0.0478246223672
1,0.00249993801117,0.0,0.753684210526,0.888669243316,1,l2,"{'penalty': 'l2', 'C': 1}",17,0.673640167364,0.927966101695,0.834745762712,0.849372384937,0.000500082969666,0.0,0.0805511910647,0.0392968583788
2,0.00450003147125,0.000499963760376,0.745263157895,0.894945393944,2,l1,"{'penalty': 'l1', 'C': 2}",19,0.677824267782,0.927966101695,0.813559322034,0.861924686192,0.00150001049042,0.000499963760376,0.0678661735217,0.0330207077512
3,0.00199997425079,0.000500082969666,0.766315789474,0.907683852209,2,l2,"{'penalty': 'l2', 'C': 2}",5,0.690376569038,0.957627118644,0.843220338983,0.857740585774,1.19209289551e-07,0.000500082969666,0.0764203607537,0.049943266435
4,0.00450003147125,0.000499963760376,0.753684210526,0.924313878448,3,l1,"{'penalty': 'l1', 'C': 3}",17,0.665271966527,0.940677966102,0.843220338983,0.907949790795,0.00249993801117,0.000499963760376,0.0889724116558,0.0163640876534
5,0.00200009346008,0.000999927520752,0.770526315789,0.903446564073,3,l2,"{'penalty': 'l2', 'C': 3}",2,0.690376569038,0.949152542373,0.851694915254,0.857740585774,0.0,0.0,0.0806575643774,0.0457059782994
6,0.00699996948242,0.000499963760376,0.76,0.924340472307,4,l1,"{'penalty': 'l1', 'C': 4}",12,0.669456066946,0.944915254237,0.851694915254,0.903765690377,0.00300002098083,0.000499963760376,0.0911176067959,0.0205747819304
7,0.00199997425079,0.00100004673004,0.76,0.903419970215,4,l2,"{'penalty': 'l2', 'C': 4}",12,0.690376569038,0.944915254237,0.830508474576,0.861924686192,1.19209289551e-07,1.19209289551e-07,0.0700645553181,0.0414952840224
8,0.0074999332428,0.000999927520752,0.76,0.932735267002,5,l1,"{'penalty': 'l1', 'C': 5}",12,0.669456066946,0.949152542373,0.851694915254,0.916317991632,0.000499963760376,0.0,0.0911176067959,0.0164172753705
9,0.00199997425079,0.000499963760376,0.776842105263,0.918064321679,5,l2,"{'penalty': 'l2', 'C': 5}",1,0.690376569038,0.944915254237,0.864406779661,0.891213389121,1.19209289551e-07,0.000499963760376,0.087013369813,0.026850932558
10,0.00999999046326,0.000499963760376,0.762105263158,0.932735267002,6,l1,"{'penalty': 'l1', 'C': 6}",10,0.673640167364,0.949152542373,0.851694915254,0.916317991632,0.00300002098083,0.000499963760376,0.0890255983122,0.0164172753705
11,0.00300002098083,0.000499963760376,0.770526315789,0.918064321679,6,l2,"{'penalty': 'l2', 'C': 6}",2,0.690376569038,0.944915254237,0.851694915254,0.891213389121,0.000999927520752,0.000499963760376,0.0806575643774,0.026850932558
12,0.00950002670288,0.000499963760376,0.76,0.939038011489,7,l1,"{'penalty': 'l1', 'C': 7}",12,0.673640167364,0.953389830508,0.847457627119,0.924686192469,0.00250005722046,0.000499963760376,0.0869069965003,0.0143518190199
13,0.00300002098083,0.0,0.768421052632,0.918064321679,7,l2,"{'penalty': 'l2', 'C': 7}",4,0.690376569038,0.944915254237,0.847457627119,0.891213389121,0.000999927520752,0.0,0.0785389625656,0.026850932558
14,0.00899994373322,0.000499963760376,0.764210526316,0.939038011489,8,l1,"{'penalty': 'l1', 'C': 8}",9,0.677824267782,0.953389830508,0.851694915254,0.924686192469,0.00100004673004,0.000499963760376,0.0869335898285,0.0143518190199
15,0.0035001039505,0.0,0.766315789474,0.924367066166,8,l2,"{'penalty': 'l2', 'C': 8}",5,0.686192468619,0.949152542373,0.847457627119,0.899581589958,0.00150001049042,0.0,0.0806309710493,0.0247854762074
16,0.0090000629425,0.000500082969666,0.762105263158,0.943248705766,9,l1,"{'penalty': 'l1', 'C': 9}",10,0.677824267782,0.957627118644,0.847457627119,0.928870292887,0.00500011444092,0.000500082969666,0.0848149880166,0.0143784128785
17,0.00249993801117,0.0,0.766315789474,0.926459116375,9,l2,"{'penalty': 'l2', 'C': 9}",5,0.686192468619,0.949152542373,0.847457627119,0.903765690377,0.000500082969666,0.0,0.0806309710493,0.0226934259982
18,0.0125000476837,0.000499963760376,0.757894736842,0.945367349833,10,l1,"{'penalty': 'l1', 'C': 10}",16,0.673640167364,0.96186440678,0.843220338983,0.928870292887,0.00850009918213,0.000499963760376,0.0847883946884,0.0164970569463
19,0.00349998474121,0.000499963760376,0.766315789474,0.928551166584,10,l2,"{'penalty': 'l2', 'C': 10}",5,0.686192468619,0.949152542373,0.847457627119,0.907949790795,0.000499963760376,0.000499963760376,0.0806309710493,0.020601375789
