,mean_fit_time,mean_score_time,mean_test_score,mean_train_score,param_C,param_penalty,params,rank_test_score,split0_test_score,split0_train_score,split1_test_score,split1_train_score,std_fit_time,std_score_time,std_test_score,std_train_score
0,0.00299990177155,0.00100016593933,0.757894736842,0.926485710233,1,l1,"{'penalty': 'l1', 'C': 1}",20,0.652719665272,0.953389830508,0.864406779661,0.899581589958,0.00100004673004,0.0,0.105841446166,0.0269041202752
1,0.00249993801117,0.000499963760376,0.772631578947,0.926432522516,1,l2,"{'penalty': 'l2', 'C': 1}",14,0.652719665272,0.944915254237,0.89406779661,0.907949790795,0.000500082969666,0.000499963760376,0.120671658849,0.0184827317212
2,0.00450003147125,0.00100004673004,0.772631578947,0.945420537551,2,l1,"{'penalty': 'l1', 'C': 2}",14,0.652719665272,0.970338983051,0.89406779661,0.92050209205,0.000499844551086,1.19209289551e-07,0.120671658849,0.0249184455003
3,0.00199997425079,0.00100004673004,0.770526315789,0.939038011489,2,l2,"{'penalty': 'l2', 'C': 2}",17,0.652719665272,0.953389830508,0.889830508475,0.924686192469,1.19209289551e-07,1.19209289551e-07,0.118553057037,0.0143518190199
4,0.00550007820129,0.000499963760376,0.770526315789,0.955907382455,3,l1,"{'penalty': 'l1', 'C': 3}",17,0.652719665272,0.974576271186,0.889830508475,0.937238493724,0.000499963760376,0.000499963760376,0.118553057037,0.0186688887313
5,0.00250005722046,0.000499963760376,0.774736842105,0.95167009432,3,l2,"{'penalty': 'l2', 'C': 3}",8,0.65690376569,0.966101694915,0.89406779661,0.937238493724,0.000499963760376,0.000499963760376,0.118579650366,0.0144316005957
6,0.00650000572205,0.000500082969666,0.774736842105,0.960091482874,4,l1,"{'penalty': 'l1', 'C': 4}",8,0.652719665272,0.974576271186,0.898305084746,0.945606694561,0.00150012969971,0.000500082969666,0.122790260661,0.0144847883129
7,0.0019998550415,0.000500082969666,0.781052631579,0.95167009432,4,l2,"{'penalty': 'l2', 'C': 4}",2,0.669456066946,0.966101694915,0.89406779661,0.937238493724,0.0,0.000500082969666,0.112303624915,0.0144316005957
8,0.00750005245209,0.000499963760376,0.770526315789,0.96639422736,5,l1,"{'penalty': 'l1', 'C': 5}",17,0.644351464435,0.978813559322,0.898305084746,0.953974895397,0.00349986553192,0.000499963760376,0.126974277629,0.0124193319623
9,0.00299990177155,0.0,0.778947368421,0.953788738387,5,l2,"{'penalty': 'l2', 'C': 5}",5,0.669456066946,0.970338983051,0.889830508475,0.937238493724,1.19209289551e-07,0.0,0.110185023103,0.0165502446635
10,0.00750005245209,0.000499963760376,0.774736842105,0.968512871428,6,l1,"{'penalty': 'l1', 'C': 6}",8,0.65690376569,0.983050847458,0.89406779661,0.953974895397,0.00150001049042,0.000499963760376,0.118579650366,0.0145379760301
11,0.00250005722046,0.000499963760376,0.774736842105,0.955907382455,6,l2,"{'penalty': 'l2', 'C': 6}",8,0.661087866109,0.974576271186,0.889830508475,0.937238493724,0.00149989128113,0.000499963760376,0.11436904007,0.0186688887313
12,0.00849997997284,0.0,0.783157894737,0.974842209772,7,l1,"{'penalty': 'l1', 'C': 7}",1,0.661087866109,0.991525423729,0.906779661017,0.958158995816,0.00349986553192,0.0,0.122843447318,0.0166832139565
13,0.00199997425079,0.00100004673004,0.774736842105,0.955907382455,7,l2,"{'penalty': 'l2', 'C': 7}",8,0.65690376569,0.974576271186,0.89406779661,0.937238493724,1.19209289551e-07,1.19209289551e-07,0.118579650366,0.0186688887313
14,0.00999987125397,0.000500082969666,0.778947368421,0.974842209772,8,l1,"{'penalty': 'l1', 'C': 8}",5,0.652719665272,0.991525423729,0.906779661017,0.958158995816,0.00299990177155,0.000500082969666,0.127027464285,0.0166832139565
15,0.00250005722046,0.0,0.781052631579,0.960118076732,8,l2,"{'penalty': 'l2', 'C': 8}",2,0.661087866109,0.978813559322,0.902542372881,0.941422594142,0.000499963760376,0.0,0.120724845506,0.0186954825899
16,0.0115000009537,0.000499963760376,0.778947368421,0.974842209772,9,l1,"{'penalty': 'l1', 'C': 9}",5,0.648535564854,0.991525423729,0.911016949153,0.958158995816,0.00249993801117,0.000499963760376,0.13123807458,0.0166832139565
17,0.00250005722046,0.00100004673004,0.781052631579,0.960118076732,9,l2,"{'penalty': 'l2', 'C': 9}",2,0.665271966527,0.978813559322,0.898305084746,0.941422594142,0.000499963760376,1.19209289551e-07,0.11651423521,0.0186954825899
18,0.0134999752045,0.0,0.772631578947,0.972750159563,10,l1,"{'penalty': 'l1', 'C': 10}",14,0.648535564854,0.991525423729,0.898305084746,0.953974895397,0.00250005722046,0.0,0.124882269145,0.0187752641657
19,0.00249993801117,0.0,0.774736842105,0.958026026523,10,l2,"{'penalty': 'l2', 'C': 10}",8,0.665271966527,0.978813559322,0.885593220339,0.937238493724,0.000500082969666,0.0,0.110158429775,0.0207875327991
