,mean_fit_time,mean_score_time,mean_test_score,mean_train_score,param_C,param_penalty,params,rank_test_score,split0_test_score,split0_train_score,split1_test_score,split1_train_score,std_fit_time,std_score_time,std_test_score,std_train_score
0,0.00300002098083,0.000999927520752,0.730526315789,0.892826749876,1,l1,"{'penalty': 'l1', 'C': 1}",15,0.648535564854,0.923728813559,0.813559322034,0.861924686192,0.000999927520752,0.0,0.0825102329075,0.0309020636834
1,0.00249993801117,0.0,0.736842105263,0.886550599248,1,l2,"{'penalty': 'l2', 'C': 1}",5,0.652719665272,0.923728813559,0.822033898305,0.849372384937,0.000500082969666,0.0,0.0846554280475,0.037178214311
2,0.00450003147125,0.000499963760376,0.743157894737,0.892879937593,2,l1,"{'penalty': 'l1', 'C': 2}",2,0.65690376569,0.932203389831,0.830508474576,0.853556485356,0.000500082969666,0.000499963760376,0.0868006231876,0.0393234522374
3,0.00299990177155,0.0,0.741052631579,0.894945393944,2,l2,"{'penalty': 'l2', 'C': 2}",3,0.65690376569,0.927966101695,0.826271186441,0.861924686192,0.00100004673004,0.0,0.0846820213757,0.0330207077512
4,0.00499999523163,0.000500082969666,0.741052631579,0.909669526984,3,l1,"{'penalty': 'l1', 'C': 3}",3,0.640167364017,0.940677966102,0.843220338983,0.878661087866,0.00100004673004,0.000500082969666,0.101524462558,0.0310084391178
5,0.00299990177155,0.000499963760376,0.747368421053,0.897064038011,3,l2,"{'penalty': 'l2', 'C': 3}",1,0.665271966527,0.932203389831,0.830508474576,0.861924686192,0.00100004673004,0.000499963760376,0.0826166062202,0.035139351819
6,0.0090000629425,0.000999927520752,0.732631578947,0.915945677612,4,l1,"{'penalty': 'l1', 'C': 4}",11,0.623430962343,0.940677966102,0.843220338983,0.891213389121,0.00300002098083,0.0,0.109892496493,0.0247322884902
7,0.00299990177155,0.000500082969666,0.734736842105,0.899182682079,4,l2,"{'penalty': 'l2', 'C': 4}",7,0.640167364017,0.936440677966,0.830508474576,0.861924686192,1.19209289551e-07,0.000500082969666,0.0951686571223,0.0372579958868
8,0.0104999542236,0.000499963760376,0.736842105263,0.926432522516,5,l1,"{'penalty': 'l1', 'C': 5}",5,0.627615062762,0.944915254237,0.847457627119,0.907949790795,0.00349998474121,0.000499963760376,0.109919089821,0.0184827317212
9,0.00300002098083,0.000500082969666,0.734736842105,0.901274732288,5,l2,"{'penalty': 'l2', 'C': 5}",7,0.640167364017,0.936440677966,0.830508474576,0.866108786611,0.000999927520752,0.000500082969666,0.0951686571223,0.0351659456776
10,0.0140000581741,0.000499963760376,0.730526315789,0.928524572725,6,l1,"{'penalty': 'l1', 'C': 6}",15,0.619246861925,0.944915254237,0.843220338983,0.912133891213,0.00299990177155,0.000499963760376,0.111984504976,0.0163906815119
11,0.00199997425079,0.000500082969666,0.730526315789,0.901274732288,6,l2,"{'penalty': 'l2', 'C': 6}",15,0.63179916318,0.936440677966,0.830508474576,0.866108786611,0.00100004673004,0.000500082969666,0.0993526740897,0.0351659456776
12,0.0124998092651,0.000500082969666,0.732631578947,0.928497978867,7,l1,"{'penalty': 'l1', 'C': 7}",11,0.619246861925,0.940677966102,0.847457627119,0.916317991632,0.00349998474121,0.000500082969666,0.114103106788,0.0121799872349
13,0.00250005722046,0.000499963760376,0.730526315789,0.903393376356,7,l2,"{'penalty': 'l2', 'C': 7}",15,0.63179916318,0.940677966102,0.830508474576,0.866108786611,0.000499963760376,0.000499963760376,0.0993526740897,0.0372845897454
14,0.0140000581741,0.000499963760376,0.732631578947,0.928497978867,8,l1,"{'penalty': 'l1', 'C': 8}",11,0.619246861925,0.940677966102,0.847457627119,0.916317991632,0.00499999523163,0.000499963760376,0.114103106788,0.0121799872349
15,0.00299990177155,0.000500082969666,0.732631578947,0.903393376356,8,l2,"{'penalty': 'l2', 'C': 8}",11,0.63179916318,0.940677966102,0.834745762712,0.866108786611,0.00100004673004,0.000500082969666,0.101471275902,0.0372845897454
16,0.0155000686646,0.000499963760376,0.734736842105,0.928497978867,9,l1,"{'penalty': 'l1', 'C': 9}",7,0.623430962343,0.940677966102,0.847457627119,0.916317991632,0.00449991226196,0.000499963760376,0.112011098305,0.0121799872349
17,0.00300002098083,0.000999927520752,0.730526315789,0.903393376356,9,l2,"{'penalty': 'l2', 'C': 9}",15,0.63179916318,0.940677966102,0.830508474576,0.866108786611,0.000999927520752,0.0,0.0993526740897,0.0372845897454
18,0.0139999389648,0.000499963760376,0.734736842105,0.926405928658,10,l1,"{'penalty': 'l1', 'C': 10}",7,0.623430962343,0.940677966102,0.847457627119,0.912133891213,0.00600004196167,0.000499963760376,0.112011098305,0.0142720374442
19,0.00300002098083,0.0,0.730526315789,0.907577476775,10,l2,"{'penalty': 'l2', 'C': 10}",15,0.63179916318,0.940677966102,0.830508474576,0.874476987448,0.000999927520752,0.0,0.0993526740897,0.033100489327
