,mean_fit_time,mean_score_time,mean_test_score,mean_train_score,param_C,param_penalty,params,rank_test_score,split0_test_score,split0_train_score,split1_test_score,split1_train_score,std_fit_time,std_score_time,std_test_score,std_train_score
0,0.00300014019012,0.000499963760376,0.770526315789,0.888669243316,1,l1,"{'penalty': 'l1', 'C': 1}",6,0.73640167364,0.927966101695,0.805084745763,0.849372384937,0.00100004673004,0.000499963760376,0.0343408511263,0.0392968583788
1,0.00250005722046,0.000499963760376,0.753684210526,0.899156088221,1,l2,"{'penalty': 'l2', 'C': 1}",20,0.71129707113,0.932203389831,0.796610169492,0.866108786611,0.000499963760376,0.000499963760376,0.0426556984047,0.0330473016098
2,0.0039998292923,0.00100016593933,0.772631578947,0.909669526984,2,l1,"{'penalty': 'l1', 'C': 2}",2,0.719665271967,0.940677966102,0.826271186441,0.878661087866,0.00100004673004,0.0,0.0533018941204,0.0310084391178
3,0.00199997425079,0.000500082969666,0.762105263158,0.909696120842,2,l2,"{'penalty': 'l2', 'C': 2}",16,0.71129707113,0.944915254237,0.813559322034,0.874476987448,0.00100004673004,0.000500082969666,0.0511301056522,0.0352191333948
4,0.00600004196167,0.0,0.768421052632,0.922301609815,3,l1,"{'penalty': 'l1', 'C': 3}",7,0.719665271967,0.953389830508,0.817796610169,0.891213389121,0.000999927520752,0.0,0.0490646904967,0.0310882206936
5,0.00250005722046,0.000999927520752,0.762105263158,0.911788171052,3,l2,"{'penalty': 'l2', 'C': 3}",16,0.715481171548,0.944915254237,0.809322033898,0.878661087866,0.000499963760376,0.0,0.0469194953566,0.0331270831856
6,0.00999999046326,0.000499963760376,0.766315789474,0.93069640451,4,l1,"{'penalty': 'l1', 'C': 4}",9,0.723849372385,0.957627118644,0.809322033898,0.903765690377,0.00300002098083,0.000499963760376,0.0427354783892,0.0269307141337
7,0.00299990177155,0.0,0.76,0.918090915538,4,l2,"{'penalty': 'l2', 'C': 4}",18,0.719665271967,0.949152542373,0.800847457627,0.887029288703,0.00100004673004,0.0,0.0405902832492,0.031061626835
8,0.0104999542236,0.0,0.766315789474,0.93278845472,5,l1,"{'penalty': 'l1', 'C': 5}",9,0.723849372385,0.957627118644,0.809322033898,0.907949790795,0.00250005722046,0.0,0.0427354783892,0.0248386639245
9,0.00300002098083,0.000999927520752,0.76,0.918090915538,5,l2,"{'penalty': 'l2', 'C': 5}",18,0.715481171548,0.949152542373,0.805084745763,0.887029288703,0.000999927520752,0.0,0.0448008935447,0.031061626835
10,0.0134998559952,0.000500082969666,0.774736842105,0.93278845472,6,l1,"{'penalty': 'l1', 'C': 6}",1,0.723849372385,0.957627118644,0.826271186441,0.907949790795,0.00249993801117,0.000500082969666,0.0512098856367,0.0248386639245
11,0.00349998474121,0.00100004673004,0.764210526316,0.918090915538,6,l2,"{'penalty': 'l2', 'C': 6}",14,0.715481171548,0.949152542373,0.813559322034,0.887029288703,0.00150012969971,1.19209289551e-07,0.0490380971685,0.031061626835
12,0.010999917984,0.000499963760376,0.772631578947,0.934907098787,7,l1,"{'penalty': 'l1', 'C': 7}",2,0.723849372385,0.96186440678,0.822033898305,0.907949790795,0.00500011444092,0.000499963760376,0.0490912838248,0.0269573079923
13,0.00349998474121,0.0,0.766315789474,0.918090915538,7,l2,"{'penalty': 'l2', 'C': 7}",9,0.715481171548,0.949152542373,0.817796610169,0.887029288703,0.000499963760376,0.0,0.0511566989803,0.031061626835
14,0.0125000476837,0.000499963760376,0.772631578947,0.937025742855,8,l1,"{'penalty': 'l1', 'C': 8}",2,0.723849372385,0.966101694915,0.822033898305,0.907949790795,0.00349998474121,0.000499963760376,0.0490912838248,0.0290759520601
15,0.00300002098083,0.00100004673004,0.764210526316,0.920182965747,8,l2,"{'penalty': 'l2', 'C': 8}",14,0.715481171548,0.949152542373,0.813559322034,0.891213389121,0.000999927520752,1.19209289551e-07,0.0490380971685,0.0289695766258
16,0.0110000371933,0.0,0.768421052632,0.943328487341,9,l1,"{'penalty': 'l1', 'C': 9}",7,0.719665271967,0.970338983051,0.817796610169,0.916317991632,0.00400006771088,0.0,0.0490646904967,0.0270104957095
17,0.00349998474121,0.00100004673004,0.766315789474,0.926459116375,9,l2,"{'penalty': 'l2', 'C': 9}",9,0.719665271967,0.949152542373,0.813559322034,0.903765690377,0.00150012969971,1.19209289551e-07,0.0469460886848,0.0226934259982
18,0.0124999284744,0.000500082969666,0.772631578947,0.947539181618,10,l1,"{'penalty': 'l1', 'C': 10}",2,0.719665271967,0.974576271186,0.826271186441,0.92050209205,0.0035001039505,0.000500082969666,0.0533018941204,0.0270370895681
19,0.00400006771088,0.000499963760376,0.766315789474,0.926485710233,10,l2,"{'penalty': 'l2', 'C': 10}",9,0.723849372385,0.953389830508,0.809322033898,0.899581589958,0.00100004673004,0.000499963760376,0.0427354783892,0.0269041202752
