,mean_fit_time,mean_score_time,mean_test_score,mean_train_score,param_C,param_penalty,params,rank_test_score,split0_test_score,split0_train_score,split1_test_score,split1_train_score,std_fit_time,std_score_time,std_test_score,std_train_score
0,0.00349998474121,0.000499963760376,0.774736842105,0.897064038011,1,l1,"{'penalty': 'l1', 'C': 1}",19,0.728033472803,0.932203389831,0.822033898305,0.861924686192,0.000499963760376,0.000499963760376,0.0469992753412,0.035139351819
1,0.00250005722046,0.000499963760376,0.804210526316,0.901301326147,1,l2,"{'penalty': 'l2', 'C': 1}",10,0.73640167364,0.940677966102,0.872881355932,0.861924686192,0.000499963760376,0.000499963760376,0.0682384801162,0.0393766399546
2,0.00499987602234,0.000500082969666,0.770526315789,0.91597227147,2,l1,"{'penalty': 'l1', 'C': 2}",20,0.715481171548,0.944915254237,0.826271186441,0.887029288703,0.00200009346008,0.000500082969666,0.0553939026041,0.0289429827672
3,0.00199997425079,0.00100016593933,0.812631578947,0.916025459187,2,l2,"{'penalty': 'l2', 'C': 2}",1,0.748953974895,0.953389830508,0.877118644068,0.878661087866,0.00100004673004,0.0,0.064081056477,0.0373643713212
4,0.005499958992,0.000499963760376,0.8,0.934907098787,3,l1,"{'penalty': 'l1', 'C': 3}",15,0.723849372385,0.96186440678,0.877118644068,0.907949790795,0.00150001049042,0.000499963760376,0.0766331073792,0.0269573079923
5,0.00249993801117,0.0,0.812631578947,0.924420253883,3,l2,"{'penalty': 'l2', 'C': 3}",1,0.744769874477,0.957627118644,0.881355932203,0.891213389121,0.000500082969666,0.0,0.0682916667726,0.0332068647614
6,0.00650000572205,0.000999927520752,0.797894736842,0.939117793064,4,l1,"{'penalty': 'l1', 'C': 4}",18,0.728033472803,0.966101694915,0.868644067797,0.912133891213,0.000499963760376,0.0,0.0703038952717,0.0269839018509
7,0.00300002098083,0.000500082969666,0.808421052632,0.924420253883,4,l2,"{'penalty': 'l2', 'C': 4}",5,0.744769874477,0.957627118644,0.872881355932,0.891213389121,0.00100016593933,0.000500082969666,0.0640544631488,0.0332068647614
8,0.00800001621246,0.000499963760376,0.802105263158,0.94957804411,5,l1,"{'penalty': 'l1', 'C': 5}",14,0.732217573222,0.966101694915,0.872881355932,0.933054393305,0.00199997425079,0.000499963760376,0.0703304885999,0.0165236508049
9,0.00249993801117,0.000499963760376,0.806315789474,0.928604354301,5,l2,"{'penalty': 'l2', 'C': 5}",8,0.740585774059,0.957627118644,0.872881355932,0.899581589958,0.000499844551086,0.000499963760376,0.0661464716325,0.029022764343
10,0.00800001621246,0.0,0.808421052632,0.953788738387,6,l1,"{'penalty': 'l1', 'C': 6}",5,0.732217573222,0.970338983051,0.885593220339,0.937238493724,0.00199997425079,0.0,0.0766862940355,0.0165502446635
11,0.00349998474121,0.0,0.806315789474,0.93069640451,6,l2,"{'penalty': 'l2', 'C': 6}",8,0.740585774059,0.957627118644,0.872881355932,0.903765690377,0.000499963760376,0.0,0.0661464716325,0.0269307141337
12,0.00999999046326,0.000499963760376,0.810526315789,0.953788738387,7,l1,"{'penalty': 'l1', 'C': 7}",3,0.73640167364,0.970338983051,0.885593220339,0.937238493724,0.00300002098083,0.000499963760376,0.0745942855518,0.0165502446635
13,0.00249993801117,0.000499963760376,0.804210526316,0.934880504929,7,l2,"{'penalty': 'l2', 'C': 7}",10,0.73640167364,0.957627118644,0.872881355932,0.912133891213,0.000500082969666,0.000499963760376,0.0682384801162,0.0227466137153
14,0.00950002670288,0.000999927520752,0.810526315789,0.953788738387,8,l1,"{'penalty': 'l1', 'C': 8}",3,0.73640167364,0.970338983051,0.885593220339,0.937238493724,0.00250005722046,0.0,0.0745942855518,0.0165502446635
15,0.00300002098083,0.000500082969666,0.804210526316,0.934880504929,8,l2,"{'penalty': 'l2', 'C': 8}",10,0.73640167364,0.957627118644,0.872881355932,0.912133891213,0.0,0.000500082969666,0.0682384801162,0.0227466137153
16,0.0100001096725,0.0,0.8,0.955880788597,9,l1,"{'penalty': 'l1', 'C': 9}",15,0.732217573222,0.970338983051,0.868644067797,0.941422594142,0.00199997425079,0.0,0.068211886788,0.0144581944543
17,0.00249993801117,0.00100004673004,0.804210526316,0.936999148997,9,l2,"{'penalty': 'l2', 'C': 9}",10,0.73640167364,0.96186440678,0.872881355932,0.912133891213,0.000500082969666,1.19209289551e-07,0.0682384801162,0.0248652577831
18,0.0104999542236,0.000499963760376,0.8,0.955880788597,10,l1,"{'penalty': 'l1', 'C': 10}",15,0.732217573222,0.970338983051,0.868644067797,0.941422594142,0.00250005722046,0.000499963760376,0.068211886788,0.0144581944543
19,0.00300002098083,0.000500082969666,0.808421052632,0.936999148997,10,l2,"{'penalty': 'l2', 'C': 10}",5,0.73640167364,0.96186440678,0.881355932203,0.912133891213,0.0,0.000500082969666,0.07247568374,0.0248652577831
