,mean_fit_time,mean_score_time,mean_test_score,mean_train_score,param_C,param_penalty,params,rank_test_score,split0_test_score,split0_train_score,split1_test_score,split1_train_score,std_fit_time,std_score_time,std_test_score,std_train_score
0,0.00349998474121,0.000499963760376,0.734736842105,0.911761577193,1,l1,"{'penalty': 'l1', 'C': 1}",16,0.673640167364,0.940677966102,0.796610169492,0.882845188285,0.000499963760376,0.000499963760376,0.0614837747579,0.0289163889086
1,0.00250005722046,0.000499963760376,0.717894736842,0.907497695199,1,l2,"{'penalty': 'l2', 'C': 1}",20,0.652719665272,0.927966101695,0.783898305085,0.887029288703,0.000499963760376,0.000499963760376,0.0655880117407,0.020468406496
2,0.005499958992,0.000500082969666,0.734736842105,0.92012977803,2,l1,"{'penalty': 'l1', 'C': 2}",16,0.669456066946,0.940677966102,0.800847457627,0.899581589958,0.00249993801117,0.000500082969666,0.0656943850534,0.0205481880718
3,0.00250005722046,0.0,0.738947368421,0.918037727821,2,l2,"{'penalty': 'l2', 'C': 2}",12,0.665271966527,0.940677966102,0.813559322034,0.89539748954,0.000499963760376,0.0,0.0741421989727,0.022640238281
4,0.005499958992,0.0,0.745263157895,0.926459116375,3,l1,"{'penalty': 'l1', 'C': 3}",6,0.677824267782,0.949152542373,0.813559322034,0.903765690377,0.000500082969666,0.0,0.0678661735217,0.0226934259982
5,0.00250005722046,0.000500082969666,0.736842105263,0.920156371889,3,l2,"{'penalty': 'l2', 'C': 3}",13,0.661087866109,0.944915254237,0.813559322034,0.89539748954,0.000499963760376,0.000500082969666,0.0762342074564,0.0247588823488
6,0.00849986076355,0.000500082969666,0.743157894737,0.939038011489,4,l1,"{'penalty': 'l1', 'C': 4}",8,0.677824267782,0.953389830508,0.809322033898,0.924686192469,0.000499963760376,0.000500082969666,0.0657475717098,0.0143518190199
7,0.00250005722046,0.000499963760376,0.734736842105,0.920156371889,4,l2,"{'penalty': 'l2', 'C': 4}",16,0.661087866109,0.944915254237,0.809322033898,0.89539748954,0.000499963760376,0.000499963760376,0.0741156056445,0.0247588823488
8,0.00899994373322,0.000999927520752,0.755789473684,0.939038011489,5,l1,"{'penalty': 'l1', 'C': 5}",2,0.677824267782,0.953389830508,0.834745762712,0.924686192469,0.00199997425079,0.0,0.078459182581,0.0143518190199
9,0.00250005722046,0.00100004673004,0.734736842105,0.922248422098,5,l2,"{'penalty': 'l2', 'C': 5}",16,0.661087866109,0.944915254237,0.809322033898,0.899581589958,0.000499963760376,1.19209289551e-07,0.0741156056445,0.0226668321396
10,0.0104999542236,0.000499963760376,0.753684210526,0.945340755975,6,l1,"{'penalty': 'l1', 'C': 6}",4,0.677824267782,0.957627118644,0.830508474576,0.933054393305,0.000499963760376,0.000499963760376,0.0763405807691,0.0122863626693
11,0.00250005722046,0.000499963760376,0.736842105263,0.926485710233,6,l2,"{'penalty': 'l2', 'C': 6}",13,0.661087866109,0.953389830508,0.813559322034,0.899581589958,0.000499963760376,0.000499963760376,0.0762342074564,0.0269041202752
12,0.0104999542236,0.000499963760376,0.753684210526,0.949524856393,7,l1,"{'penalty': 'l1', 'C': 7}",4,0.682008368201,0.957627118644,0.826271186441,0.941422594142,0.00150012969971,0.000499963760376,0.0721299704736,0.0081022622509
13,0.00299990177155,0.000500082969666,0.736842105263,0.926485710233,7,l2,"{'penalty': 'l2', 'C': 7}",13,0.665271966527,0.953389830508,0.809322033898,0.899581589958,1.19209289551e-07,0.000500082969666,0.0720235971609,0.0269041202752
14,0.0120000839233,0.000999927520752,0.757894736842,0.953708956812,8,l1,"{'penalty': 'l1', 'C': 8}",1,0.682008368201,0.957627118644,0.834745762712,0.949790794979,0.00399994850159,0.0,0.0763671740973,0.00391816183249
15,0.00249993801117,0.000499963760376,0.741052631579,0.930669810652,8,l2,"{'penalty': 'l2', 'C': 8}",9,0.669456066946,0.953389830508,0.813559322034,0.907949790795,0.000499844551086,0.000499963760376,0.072050190489,0.0227200198567
16,0.018000125885,0.000499963760376,0.755789473684,0.955827600879,9,l1,"{'penalty': 'l1', 'C': 9}",2,0.682008368201,0.96186440678,0.830508474576,0.949790794979,0.000999927520752,0.000499963760376,0.0742485722855,0.00603680590029
17,0.00249993801117,0.000500082969666,0.741052631579,0.93278845472,9,l2,"{'penalty': 'l2', 'C': 9}",9,0.669456066946,0.957627118644,0.813559322034,0.907949790795,0.000500082969666,0.000500082969666,0.072050190489,0.0248386639245
18,0.0154999494553,0.000500082969666,0.745263157895,0.957946244947,10,l1,"{'penalty': 'l1', 'C': 10}",6,0.682008368201,0.966101694915,0.809322033898,0.949790794979,0.0035001039505,0.000500082969666,0.0636555632261,0.00815544996809
19,0.0035001039505,0.000999927520752,0.741052631579,0.93278845472,10,l2,"{'penalty': 'l2', 'C': 10}",9,0.669456066946,0.957627118644,0.813559322034,0.907949790795,0.00150001049042,0.0,0.072050190489,0.0248386639245
