,mean_fit_time,mean_score_time,mean_test_score,mean_train_score,param_C,param_penalty,params,rank_test_score,split0_test_score,split0_train_score,split1_test_score,split1_train_score,std_fit_time,std_score_time,std_test_score,std_train_score
0,0.00300002098083,0.0,0.715789473684,0.88218034182,1,l1,"{'penalty': 'l1', 'C': 1}",20,0.640167364017,0.89406779661,0.792372881356,0.870292887029,0.000999927520752,0.0,0.0761012408155,0.0118874547904
1,0.00249993801117,0.00100004673004,0.753684210526,0.884219204312,1,l2,"{'penalty': 'l2', 'C': 1}",7,0.694560669456,0.885593220339,0.813559322034,0.882845188285,0.000500082969666,1.19209289551e-07,0.0594981395869,0.00137401602723
2,0.00449991226196,0.0,0.717894736842,0.905246081838,2,l1,"{'penalty': 'l1', 'C': 2}",19,0.644351464435,0.902542372881,0.792372881356,0.907949790795,0.000499963760376,0.0,0.0740092323318,0.00270370895681
3,0.00250005722046,0.000999927520752,0.751578947368,0.88840330473,2,l2,"{'penalty': 'l2', 'C': 2}",9,0.673640167364,0.885593220339,0.830508474576,0.891213389121,0.000499963760376,0.0,0.0784325892528,0.00281008439118
4,0.00750005245209,0.0,0.72,0.924234096873,3,l1,"{'penalty': 'l1', 'C': 3}",18,0.644351464435,0.927966101695,0.796610169492,0.92050209205,0.00249993801117,0.0,0.0761278341437,0.00373200482235
5,0.00250005722046,0.000999927520752,0.751578947368,0.907417913623,3,l2,"{'penalty': 'l2', 'C': 3}",9,0.673640167364,0.915254237288,0.830508474576,0.899581589958,0.000499963760376,0.0,0.0784325892528,0.00783632366499
6,0.005499958992,0.00100004673004,0.724210526316,0.930536841359,4,l1,"{'penalty': 'l1', 'C': 4}",16,0.652719665272,0.932203389831,0.796610169492,0.928870292887,0.000500082969666,1.19209289551e-07,0.0719438171763,0.00166654847174
7,0.00300002098083,0.000499963760376,0.753684210526,0.909509963832,4,l2,"{'penalty': 'l2', 'C': 4}",7,0.673640167364,0.915254237288,0.834745762712,0.903765690377,0.000999927520752,0.000499963760376,0.0805511910647,0.00574427345578
8,0.00800001621246,0.0,0.724210526316,0.92844479115,5,l1,"{'penalty': 'l1', 'C': 5}",16,0.652719665272,0.932203389831,0.796610169492,0.924686192469,0.00100004673004,0.0,0.0719438171763,0.00375859868094
9,0.00249993801117,0.00100004673004,0.755789473684,0.911602014042,5,l2,"{'penalty': 'l2', 'C': 5}",6,0.677824267782,0.915254237288,0.834745762712,0.907949790795,0.000500082969666,1.19209289551e-07,0.078459182581,0.00365222324658
10,0.00850009918213,0.0,0.726315789474,0.928471385008,6,l1,"{'penalty': 'l1', 'C': 6}",15,0.661087866109,0.936440677966,0.792372881356,0.92050209205,0.000499963760376,0.0,0.0656411983971,0.00796929295795
11,0.00299990177155,0.000499963760376,0.757894736842,0.917904758528,6,l2,"{'penalty': 'l2', 'C': 6}",5,0.682008368201,0.919491525424,0.834745762712,0.916317991632,1.19209289551e-07,0.000499963760376,0.0763671740973,0.00158676689596
12,0.00949990749359,0.000499963760376,0.730526315789,0.928471385008,7,l1,"{'penalty': 'l1', 'C': 7}",14,0.669456066946,0.936440677966,0.792372881356,0.92050209205,0.000500082969666,0.000499963760376,0.0614571814297,0.00796929295795
13,0.00300002098083,0.000499963760376,0.76,0.917931352386,7,l2,"{'penalty': 'l2', 'C': 7}",3,0.677824267782,0.923728813559,0.843220338983,0.912133891213,0.0,0.000499963760376,0.0826963862048,0.00579746117297
14,0.0090000629425,0.000499963760376,0.736842105263,0.930590029076,8,l1,"{'penalty': 'l1', 'C': 8}",11,0.673640167364,0.940677966102,0.800847457627,0.92050209205,0.0019998550415,0.000499963760376,0.0636023765697,0.0100879370257
15,0.00349998474121,0.000499963760376,0.76,0.920023402596,8,l2,"{'penalty': 'l2', 'C': 8}",3,0.677824267782,0.923728813559,0.843220338983,0.916317991632,0.00149989128113,0.000499963760376,0.0826963862048,0.00370541096376
16,0.010999917984,0.000500082969666,0.736842105263,0.92635274094,9,l1,"{'penalty': 'l1', 'C': 9}",11,0.673640167364,0.932203389831,0.800847457627,0.92050209205,0.00200009346008,0.000500082969666,0.0636023765697,0.00585064889015
17,0.0035001039505,0.00100004673004,0.764210526316,0.920023402596,9,l2,"{'penalty': 'l2', 'C': 9}",1,0.686192468619,0.923728813559,0.843220338983,0.916317991632,0.000500082969666,1.19209289551e-07,0.0785123692374,0.00370541096376
18,0.0104999542236,0.000499963760376,0.734736842105,0.930563435217,10,l1,"{'penalty': 'l1', 'C': 10}",13,0.669456066946,0.936440677966,0.800847457627,0.924686192469,0.000499963760376,0.000499963760376,0.0656943850534,0.00587724274874
19,0.00349998474121,0.000500082969666,0.764210526316,0.924234096873,10,l2,"{'penalty': 'l2', 'C': 10}",1,0.686192468619,0.927966101695,0.843220338983,0.92050209205,0.000499963760376,0.000500082969666,0.0785123692374,0.00373200482235
