,mean_fit_time,mean_score_time,mean_test_score,mean_train_score,param_C,param_penalty,params,rank_test_score,split0_test_score,split0_train_score,split1_test_score,split1_train_score,std_fit_time,std_score_time,std_test_score,std_train_score
0,0.00349998474121,0.000499963760376,0.684210526316,0.890575136515,1,l1,"{'penalty': 'l1', 'C': 1}",20,0.619246861925,0.898305084746,0.75,0.882845188285,0.000499963760376,0.000499963760376,0.0653752651152,0.00772994823062
1,0.00199997425079,0.0,0.694736842105,0.899076306645,1,l2,"{'penalty': 'l2', 'C': 1}",17,0.63179916318,0.919491525424,0.758474576271,0.878661087866,1.19209289551e-07,0.0,0.0633364432879,0.0204152187788
2,0.00600004196167,0.000499963760376,0.694736842105,0.918011133962,2,l1,"{'penalty': 'l1', 'C': 2}",17,0.63179916318,0.936440677966,0.758474576271,0.899581589958,0.0,0.000499963760376,0.0633364432879,0.018429544004
3,0.00150012969971,0.000499963760376,0.709473684211,0.907497695199,2,l2,"{'penalty': 'l2', 'C': 2}",13,0.63179916318,0.927966101695,0.78813559322,0.887029288703,0.000499963760376,0.000499963760376,0.078166655971,0.020468406496
4,0.00799989700317,0.000500082969666,0.711578947368,0.924313878448,3,l1,"{'penalty': 'l1', 'C': 3}",9,0.635983263598,0.940677966102,0.78813559322,0.907949790795,0.000999927520752,0.000500082969666,0.0760746474873,0.0163640876534
5,0.00249993801117,0.000499963760376,0.713684210526,0.915892489894,3,l2,"{'penalty': 'l2', 'C': 3}",5,0.635983263598,0.932203389831,0.792372881356,0.899581589958,0.000500082969666,0.000499963760376,0.0781932492992,0.0163108999362
6,0.0105000734329,0.0,0.707368421053,0.922221828239,4,l1,"{'penalty': 'l1', 'C': 4}",15,0.627615062762,0.940677966102,0.78813559322,0.903765690377,0.00349986553192,0.0,0.0802586644547,0.0184561378626
7,0.00349998474121,0.0,0.713684210526,0.918011133962,4,l2,"{'penalty': 'l2', 'C': 4}",5,0.635983263598,0.936440677966,0.792372881356,0.899581589958,0.000499963760376,0.0,0.0781932492992,0.018429544004
8,0.00849997997284,0.000499963760376,0.692631578947,0.926432522516,5,l1,"{'penalty': 'l1', 'C': 5}",19,0.635983263598,0.944915254237,0.75,0.907949790795,0.000499844551086,0.000499963760376,0.0570072311805,0.0184827317212
9,0.00250005722046,0.00100004673004,0.711578947368,0.92012977803,5,l2,"{'penalty': 'l2', 'C': 5}",9,0.640167364017,0.940677966102,0.783898305085,0.899581589958,0.000499963760376,1.19209289551e-07,0.0718640371918,0.0205481880718
10,0.00950002670288,0.000499963760376,0.698947368421,0.928524572725,6,l1,"{'penalty': 'l1', 'C': 6}",16,0.644351464435,0.944915254237,0.754237288136,0.912133891213,0.000499963760376,0.000499963760376,0.054941816025,0.0163906815119
11,0.00299990177155,0.000500082969666,0.711578947368,0.92012977803,6,l2,"{'penalty': 'l2', 'C': 6}",9,0.640167364017,0.940677966102,0.783898305085,0.899581589958,0.00100004673004,0.000500082969666,0.0718640371918,0.0205481880718
12,0.0105000734329,0.000499963760376,0.72,0.928524572725,7,l1,"{'penalty': 'l1', 'C': 7}",4,0.65690376569,0.944915254237,0.783898305085,0.912133891213,0.00249993801117,0.000499963760376,0.063496003257,0.0163906815119
13,0.00400006771088,0.0,0.713684210526,0.92012977803,7,l2,"{'penalty': 'l2', 'C': 7}",5,0.644351464435,0.940677966102,0.783898305085,0.899581589958,0.00100004673004,0.0,0.0697720287081,0.0205481880718
14,0.00999999046326,0.0,0.728421052632,0.930643216793,8,l1,"{'penalty': 'l1', 'C': 8}",2,0.665271966527,0.949152542373,0.792372881356,0.912133891213,0.0,0.0,0.0635491899134,0.0185093255797
15,0.00349998474121,0.0,0.713684210526,0.92012977803,8,l2,"{'penalty': 'l2', 'C': 8}",5,0.644351464435,0.940677966102,0.783898305085,0.899581589958,0.000499963760376,0.0,0.0697720287081,0.0205481880718
16,0.0125000476837,0.0,0.728421052632,0.930643216793,9,l1,"{'penalty': 'l1', 'C': 9}",2,0.661087866109,0.949152542373,0.796610169492,0.912133891213,0.00349998474121,0.0,0.0677598002089,0.0185093255797
17,0.00349998474121,0.00100004673004,0.711578947368,0.92012977803,9,l2,"{'penalty': 'l2', 'C': 9}",9,0.648535564854,0.940677966102,0.775423728814,0.899581589958,0.00150012969971,1.19209289551e-07,0.0634428166007,0.0205481880718
18,0.0134999752045,0.000999927520752,0.741052631579,0.934880504929,10,l1,"{'penalty': 'l1', 'C': 10}",1,0.686192468619,0.957627118644,0.796610169492,0.912133891213,0.00250005722046,0.0,0.0552077493068,0.0227466137153
19,0.00399994850159,0.0,0.709473684211,0.922221828239,10,l2,"{'penalty': 'l2', 'C': 10}",13,0.644351464435,0.940677966102,0.775423728814,0.903765690377,0.000999927520752,0.0,0.0655348250843,0.0184561378626
