,mean_fit_time,mean_score_time,mean_test_score,mean_train_score,param_C,param_penalty,params,rank_test_score,split0_test_score,split0_train_score,split1_test_score,split1_train_score,std_fit_time,std_score_time,std_test_score,std_train_score
0,0.00349998474121,0.000999927520752,0.76,0.905432238848,1,l1,"{'penalty': 'l1', 'C': 1}",4,0.690376569038,0.932203389831,0.830508474576,0.878661087866,0.000499963760376,0.0,0.0700645553181,0.0267711509822
1,0.00250005722046,0.0,0.734736842105,0.894971987802,1,l2,"{'penalty': 'l2', 'C': 1}",20,0.665271966527,0.932203389831,0.805084745763,0.857740585774,0.000499963760376,0.0,0.069904995349,0.0372314020282
2,0.00399994850159,0.000999927520752,0.751578947368,0.92012977803,2,l1,"{'penalty': 'l1', 'C': 2}",10,0.682008368201,0.940677966102,0.822033898305,0.899581589958,0.0,0.0,0.0700113686617,0.0205481880718
3,0.00250005722046,0.0,0.749473684211,0.913827033544,2,l2,"{'penalty': 'l2', 'C': 2}",15,0.673640167364,0.936440677966,0.826271186441,0.891213389121,0.000499963760376,0.0,0.076313987441,0.0226136444224
4,0.00600004196167,0.000999927520752,0.747368421053,0.928497978867,3,l1,"{'penalty': 'l1', 'C': 3}",19,0.677824267782,0.940677966102,0.817796610169,0.916317991632,0.000999927520752,0.0,0.0699847753335,0.0121799872349
5,0.00250005722046,0.000499963760376,0.751578947368,0.92012977803,3,l2,"{'penalty': 'l2', 'C': 3}",10,0.673640167364,0.940677966102,0.830508474576,0.899581589958,0.000499963760376,0.000499963760376,0.0784325892528,0.0205481880718
6,0.00850009918213,0.00100004673004,0.749473684211,0.934800723353,4,l1,"{'penalty': 'l1', 'C': 4}",15,0.682008368201,0.944915254237,0.817796610169,0.924686192469,0.00149989128113,1.19209289551e-07,0.0678927668499,0.0101145308843
7,0.00300002098083,0.000499963760376,0.755789473684,0.922221828239,4,l2,"{'penalty': 'l2', 'C': 4}",7,0.677824267782,0.940677966102,0.834745762712,0.903765690377,0.0,0.000499963760376,0.078459182581,0.0184561378626
8,0.00949990749359,0.00100004673004,0.749473684211,0.943222111907,5,l1,"{'penalty': 'l1', 'C': 5}",15,0.682008368201,0.953389830508,0.817796610169,0.933054393305,0.00249993801117,1.19209289551e-07,0.0678927668499,0.0101677186015
9,0.00249993801117,0.000500082969666,0.755789473684,0.924313878448,5,l2,"{'penalty': 'l2', 'C': 5}",7,0.677824267782,0.940677966102,0.834745762712,0.907949790795,0.000499844551086,0.000500082969666,0.078459182581,0.0163640876534
10,0.00999999046326,0.0,0.751578947368,0.947432806184,6,l1,"{'penalty': 'l1', 'C': 6}",10,0.686192468619,0.957627118644,0.817796610169,0.937238493724,0.000999927520752,0.0,0.0658007583662,0.0101943124601
11,0.00299990177155,0.0,0.757894736842,0.926405928658,6,l2,"{'penalty': 'l2', 'C': 6}",5,0.682008368201,0.940677966102,0.834745762712,0.912133891213,0.00100004673004,0.0,0.0763671740973,0.0142720374442
12,0.0105000734329,0.00100004673004,0.751578947368,0.95167009432,7,l1,"{'penalty': 'l1', 'C': 7}",10,0.686192468619,0.966101694915,0.817796610169,0.937238493724,0.0035001039505,1.19209289551e-07,0.0658007583662,0.0144316005957
13,0.00299990177155,0.00100004673004,0.757894736842,0.928524572725,7,l2,"{'penalty': 'l2', 'C': 7}",5,0.682008368201,0.944915254237,0.834745762712,0.912133891213,0.00100004673004,1.19209289551e-07,0.0763671740973,0.0163906815119
14,0.0140000581741,0.0,0.751578947368,0.951696688178,8,l1,"{'penalty': 'l1', 'C': 8}",10,0.686192468619,0.970338983051,0.817796610169,0.933054393305,0.00499999523163,0.0,0.0658007583662,0.0186422948727
15,0.00300002098083,0.0,0.762105263158,0.930616622935,8,l2,"{'penalty': 'l2', 'C': 8}",2,0.686192468619,0.944915254237,0.838983050847,0.916317991632,0.0,0.0,0.0763937674255,0.0142986313027
16,0.0129998922348,0.000500082969666,0.749473684211,0.953788738387,9,l1,"{'penalty': 'l1', 'C': 9}",15,0.682008368201,0.970338983051,0.817796610169,0.937238493724,0.00599992275238,0.000500082969666,0.0678927668499,0.0165502446635
17,0.00300002098083,0.000500082969666,0.762105263158,0.936919367421,9,l2,"{'penalty': 'l2', 'C': 9}",2,0.686192468619,0.949152542373,0.838983050847,0.924686192469,0.0,0.000500082969666,0.0763937674255,0.0122331749521
18,0.0134999752045,0.00100004673004,0.753684210526,0.953788738387,10,l1,"{'penalty': 'l1', 'C': 10}",9,0.686192468619,0.970338983051,0.822033898305,0.937238493724,0.00450015068054,1.19209289551e-07,0.067919360178,0.0165502446635
19,0.00300014019012,0.000999927520752,0.764210526316,0.943248705766,10,l2,"{'penalty': 'l2', 'C': 10}",1,0.690376569038,0.957627118644,0.838983050847,0.928870292887,0.00100004673004,0.0,0.0743017589418,0.0143784128785
