,mean_fit_time,mean_score_time,mean_test_score,mean_train_score,param_C,param_penalty,params,rank_test_score,split0_test_score,split0_train_score,split1_test_score,split1_train_score,std_fit_time,std_score_time,std_test_score,std_train_score
0,0.00349998474121,0.0,0.738947368421,0.901115169137,1,l1,"{'penalty': 'l1', 'C': 1}",20,0.686192468619,0.911016949153,0.792372881356,0.891213389121,0.000499963760376,0.0,0.0530891474949,0.0099017800156
1,0.00150012969971,0.000999927520752,0.764210526316,0.901141762996,1,l2,"{'penalty': 'l2', 'C': 1}",19,0.686192468619,0.915254237288,0.843220338983,0.887029288703,0.000499963760376,0.0,0.0785123692374,0.0141124742926
2,0.00399994850159,0.00100016593933,0.774736842105,0.926432522516,2,l1,"{'penalty': 'l1', 'C': 2}",16,0.682008368201,0.944915254237,0.868644067797,0.907949790795,0.0,0.0,0.0933159885923,0.0184827317212
3,0.00250005722046,0.0,0.768421052632,0.909536557691,2,l2,"{'penalty': 'l2', 'C': 2}",18,0.694560669456,0.919491525424,0.843220338983,0.899581589958,0.000499963760376,0.0,0.07432835227,0.00995496773278
4,0.00550007820129,0.00100004673004,0.776842105263,0.934827317212,3,l1,"{'penalty': 'l1', 'C': 3}",14,0.690376569038,0.949152542373,0.864406779661,0.92050209205,0.000499963760376,1.19209289551e-07,0.087013369813,0.0143252251613
5,0.00300002098083,0.000499963760376,0.770526315789,0.920076590313,3,l2,"{'penalty': 'l2', 'C': 3}",17,0.690376569038,0.932203389831,0.851694915254,0.907949790795,0.000999927520752,0.000499963760376,0.0806575643774,0.0121267995178
6,0.00650000572205,0.00100004673004,0.776842105263,0.945314162116,4,l1,"{'penalty': 'l1', 'C': 4}",14,0.686192468619,0.953389830508,0.868644067797,0.937238493724,0.000500202178955,1.19209289551e-07,0.0912239801086,0.00807566839231
7,0.00199997425079,0.00100004673004,0.783157894737,0.922195234381,4,l2,"{'penalty': 'l2', 'C': 4}",6,0.694560669456,0.936440677966,0.872881355932,0.907949790795,1.19209289551e-07,1.19209289551e-07,0.0891585649531,0.0142454435856
8,0.00849997997284,0.000499963760376,0.781052631579,0.949498262535,5,l1,"{'penalty': 'l1', 'C': 5}",9,0.686192468619,0.953389830508,0.877118644068,0.945606694561,0.00150001049042,0.000499963760376,0.0954611837323,0.0038915679739
9,0.00249993801117,0.000499963760376,0.783157894737,0.92428728459,5,l2,"{'penalty': 'l2', 'C': 5}",6,0.690376569038,0.936440677966,0.877118644068,0.912133891213,0.000499844551086,0.000499963760376,0.0933691752487,0.0121533933764
10,0.00849997997284,0.000999927520752,0.781052631579,0.949498262535,6,l1,"{'penalty': 'l1', 'C': 6}",9,0.686192468619,0.953389830508,0.877118644068,0.945606694561,0.00249993801117,0.0,0.0954611837323,0.0038915679739
11,0.00250005722046,0.0,0.785263157895,0.928471385008,6,l2,"{'penalty': 'l2', 'C': 6}",4,0.690376569038,0.936440677966,0.881355932203,0.92050209205,0.000499963760376,0.0,0.0954877770605,0.00796929295795
12,0.0119999647141,0.000499963760376,0.781052631579,0.955801007021,7,l1,"{'penalty': 'l1', 'C': 7}",9,0.686192468619,0.957627118644,0.877118644068,0.953974895397,0.00400006771088,0.000499963760376,0.0954611837323,0.00182611162329
13,0.00250005722046,0.000499963760376,0.785263157895,0.928471385008,7,l2,"{'penalty': 'l2', 'C': 7}",4,0.690376569038,0.936440677966,0.881355932203,0.92050209205,0.000499963760376,0.000499963760376,0.0954877770605,0.00796929295795
14,0.0115000009537,0.000999927520752,0.783157894737,0.95789305723,8,l1,"{'penalty': 'l1', 'C': 8}",6,0.690376569038,0.957627118644,0.877118644068,0.958158995816,0.00450003147125,0.0,0.0933691752487,0.000265938585916
15,0.0035001039505,0.000499963760376,0.787368421053,0.930563435217,8,l2,"{'penalty': 'l2', 'C': 8}",1,0.690376569038,0.936440677966,0.885593220339,0.924686192469,0.000500082969666,0.000499963760376,0.0976063788724,0.00587724274874
16,0.0125000476837,0.000999927520752,0.781052631579,0.964248989433,9,l1,"{'penalty': 'l1', 'C': 9}",9,0.686192468619,0.970338983051,0.877118644068,0.958158995816,0.00449991226196,0.0,0.0954611837323,0.00608999361747
17,0.00249993801117,0.00100004673004,0.787368421053,0.930563435217,9,l2,"{'penalty': 'l2', 'C': 9}",1,0.690376569038,0.936440677966,0.885593220339,0.924686192469,0.000500082969666,1.19209289551e-07,0.0976063788724,0.00587724274874
18,0.0145000219345,0.000499963760376,0.781052631579,0.966367633501,10,l1,"{'penalty': 'l1', 'C': 10}",9,0.690376569038,0.974576271186,0.872881355932,0.958158995816,0.00450003147125,0.000499963760376,0.0912505734368,0.00820863768527
19,0.0035001039505,0.000499963760376,0.787368421053,0.930590029076,10,l2,"{'penalty': 'l2', 'C': 10}",1,0.690376569038,0.940677966102,0.885593220339,0.92050209205,0.00150001049042,0.000499963760376,0.0976063788724,0.0100879370257
