,mean_fit_time,mean_score_time,mean_test_score,mean_train_score,param_C,param_penalty,params,rank_test_score,split0_test_score,split0_train_score,split1_test_score,split1_train_score,std_fit_time,std_score_time,std_test_score,std_train_score
0,0.00450015068054,0.0,0.728421052632,0.88236649883,1,l1,"{'penalty': 'l1', 'C': 1}",4,0.702928870293,0.923728813559,0.754237288136,0.8410041841,0.000499963760376,0.0,0.0256536972534,0.0413623147295
1,0.00150001049042,0.000499963760376,0.732631578947,0.876063754344,1,l2,"{'penalty': 'l2', 'C': 1}",1,0.698744769874,0.919491525424,0.766949152542,0.832635983264,0.000500082969666,0.000499963760376,0.0341015111727,0.0434277710801
2,0.00300002098083,0.0,0.730526315789,0.886656974683,2,l1,"{'penalty': 'l1', 'C': 2}",2,0.698744769874,0.940677966102,0.762711864407,0.832635983264,0.0,0.0,0.0319829093608,0.054020991419
3,0.000999927520752,0.000500082969666,0.730526315789,0.880301042479,2,l2,"{'penalty': 'l2', 'C': 2}",2,0.702928870293,0.927966101695,0.758474576271,0.832635983264,0.0,0.000500082969666,0.0277722990652,0.0476650592157
4,0.00349998474121,0.000499963760376,0.726315789474,0.884538330615,3,l1,"{'penalty': 'l1', 'C': 3}",8,0.698744769874,0.936440677966,0.754237288136,0.832635983264,0.000499963760376,0.000499963760376,0.027745705737,0.0519023473513
5,0.00149989128113,0.000999927520752,0.728421052632,0.880301042479,3,l2,"{'penalty': 'l2', 'C': 3}",4,0.702928870293,0.927966101695,0.754237288136,0.832635983264,0.000499963760376,0.0,0.0256536972534,0.0476650592157
6,0.00550007820129,0.000499963760376,0.724210526316,0.886683568541,4,l1,"{'penalty': 'l1', 'C': 4}",12,0.698744769874,0.944915254237,0.75,0.828451882845,0.000499963760376,0.000499963760376,0.0256271039252,0.058231685696
7,0.000999927520752,0.0,0.728421052632,0.882419686547,4,l2,"{'penalty': 'l2', 'C': 4}",4,0.702928870293,0.932203389831,0.754237288136,0.832635983264,0.0,0.0,0.0256536972534,0.0497837032835
8,0.00699996948242,0.000500082969666,0.72,0.886683568541,5,l1,"{'penalty': 'l1', 'C': 5}",15,0.694560669456,0.944915254237,0.745762711864,0.828451882845,0.00300002098083,0.000500082969666,0.025600510597,0.058231685696
9,0.00150001049042,0.0,0.726315789474,0.882419686547,5,l2,"{'penalty': 'l2', 'C': 5}",8,0.698744769874,0.932203389831,0.754237288136,0.832635983264,0.000500082969666,0.0,0.027745705737,0.0497837032835
10,0.00849986076355,0.000499963760376,0.722105263158,0.88877561875,6,l1,"{'penalty': 'l1', 'C': 6}",13,0.698744769874,0.944915254237,0.745762711864,0.832635983264,0.00349998474121,0.000499963760376,0.0235085021133,0.0561396354868
11,0.00150001049042,0.0,0.72,0.882419686547,6,l2,"{'penalty': 'l2', 'C': 6}",15,0.686192468619,0.932203389831,0.754237288136,0.832635983264,0.000500082969666,0.0,0.0340217311881,0.0497837032835
12,0.010999917984,0.000499963760376,0.72,0.892986313027,7,l1,"{'penalty': 'l1', 'C': 7}",15,0.694560669456,0.949152542373,0.745762711864,0.836820083682,0.00399994850159,0.000499963760376,0.025600510597,0.0561662293454
13,0.00200009346008,0.0,0.722105263158,0.882419686547,7,l2,"{'penalty': 'l2', 'C': 7}",13,0.690376569038,0.932203389831,0.754237288136,0.832635983264,0.0,0.0,0.0319297227044,0.0497837032835
14,0.00950014591217,0.0,0.72,0.895078363237,8,l1,"{'penalty': 'l1', 'C': 8}",15,0.694560669456,0.949152542373,0.745762711864,0.8410041841,0.00249993801117,0.0,0.025600510597,0.0540741791362
15,0.00250005722046,0.000499963760376,0.726315789474,0.884538330615,8,l2,"{'penalty': 'l2', 'C': 8}",8,0.698744769874,0.936440677966,0.754237288136,0.832635983264,0.000499963760376,0.000499963760376,0.027745705737,0.0519023473513
16,0.0110001564026,0.000499963760376,0.72,0.895078363237,9,l1,"{'penalty': 'l1', 'C': 9}",15,0.694560669456,0.949152542373,0.745762711864,0.8410041841,0.00300002098083,0.000499963760376,0.025600510597,0.0540741791362
17,0.00150001049042,0.000499963760376,0.726315789474,0.884538330615,9,l2,"{'penalty': 'l2', 'C': 9}",8,0.698744769874,0.936440677966,0.754237288136,0.832635983264,0.000500082969666,0.000499963760376,0.027745705737,0.0519023473513
18,0.0129998922348,0.000500082969666,0.72,0.895078363237,10,l1,"{'penalty': 'l1', 'C': 10}",15,0.694560669456,0.949152542373,0.745762711864,0.8410041841,0.00499999523163,0.000500082969666,0.025600510597,0.0540741791362
19,0.00200009346008,0.0,0.728421052632,0.886656974683,10,l2,"{'penalty': 'l2', 'C': 10}",4,0.707112970711,0.940677966102,0.75,0.832635983264,0.0,0.0,0.0214430869578,0.054020991419
