,mean_fit_time,mean_score_time,mean_test_score,mean_train_score,param_C,param_penalty,params,rank_test_score,split0_test_score,split0_train_score,split1_test_score,split1_train_score,std_fit_time,std_score_time,std_test_score,std_train_score
0,0.00399994850159,0.00100016593933,0.730526315789,0.926592085668,1,l1,"{'penalty': 'l1', 'C': 1}",3,0.677824267782,0.970338983051,0.783898305085,0.882845188285,0.000999927520752,0.0,0.0530359608386,0.0437468973832
1,0.00300002098083,0.0,0.741052631579,0.926538897951,1,l2,"{'penalty': 'l2', 'C': 1}",1,0.677824267782,0.96186440678,0.805084745763,0.891213389121,0.0,0.0,0.0636289698979,0.0353255088292
2,0.00450003147125,0.000499963760376,0.717894736842,0.947565775477,2,l1,"{'penalty': 'l1', 'C': 2}",8,0.665271966527,0.978813559322,0.771186440678,0.916317991632,0.00150001049042,0.000499963760376,0.052956180854,0.0312477838451
3,0.00199997425079,0.000499963760376,0.734736842105,0.941289624849,2,l2,"{'penalty': 'l2', 'C': 2}",2,0.677824267782,0.978813559322,0.792372881356,0.903765690377,0.00100004673004,0.000499963760376,0.0572731644623,0.0375239344727
4,0.00450003147125,0.00100004673004,0.717894736842,0.970658109354,3,l1,"{'penalty': 'l1', 'C': 3}",8,0.665271966527,0.991525423729,0.771186440678,0.949790794979,0.000500082969666,1.19209289551e-07,0.052956180854,0.0208673143749
5,0.00250005722046,0.00100004673004,0.726315789474,0.949684419545,3,l2,"{'penalty': 'l2', 'C': 3}",4,0.669456066946,0.983050847458,0.783898305085,0.916317991632,0.000499963760376,1.19209289551e-07,0.057219977806,0.0333664279129
6,0.00699996948242,0.000499963760376,0.715789473684,0.972750159563,4,l1,"{'penalty': 'l1', 'C': 4}",15,0.669456066946,0.991525423729,0.762711864407,0.953974895397,0.0,0.000499963760376,0.0466269687466,0.0187752641657
7,0.00250005722046,0.000499963760376,0.724210526316,0.95807921424,4,l2,"{'penalty': 'l2', 'C': 4}",6,0.665271966527,0.987288135593,0.783898305085,0.928870292887,0.000499963760376,0.000499963760376,0.0593119862896,0.0292089213531
8,0.00699996948242,0.0,0.717894736842,0.974842209772,5,l1,"{'penalty': 'l1', 'C': 5}",8,0.669456066946,0.991525423729,0.766949152542,0.958158995816,0.00100016593933,0.0,0.0487455705585,0.0166832139565
9,0.00300002098083,0.000500082969666,0.726315789474,0.95807921424,5,l2,"{'penalty': 'l2', 'C': 5}",4,0.661087866109,0.987288135593,0.792372881356,0.928870292887,0.0,0.000500082969666,0.0656411983971,0.0292089213531
10,0.0074999332428,0.00100004673004,0.713684210526,0.974842209772,6,l1,"{'penalty': 'l1', 'C': 6}",19,0.669456066946,0.991525423729,0.758474576271,0.958158995816,0.00149989128113,1.19209289551e-07,0.0445083669347,0.0166832139565
11,0.00400006771088,0.000499963760376,0.72,0.960171264449,6,l2,"{'penalty': 'l2', 'C': 6}",7,0.652719665272,0.987288135593,0.78813559322,0.933054393305,0.00100004673004,0.000499963760376,0.0677066135526,0.0271168711439
12,0.00849986076355,0.00100004673004,0.713684210526,0.972750159563,7,l1,"{'penalty': 'l1', 'C': 7}",19,0.669456066946,0.991525423729,0.758474576271,0.953974895397,0.00250005722046,1.19209289551e-07,0.0445083669347,0.0187752641657
13,0.00349998474121,0.000999927520752,0.717894736842,0.962289908517,7,l2,"{'penalty': 'l2', 'C': 7}",8,0.652719665272,0.991525423729,0.783898305085,0.933054393305,0.000499963760376,0.0,0.0655880117407,0.0292355152117
14,0.00999999046326,0.000499963760376,0.717894736842,0.974842209772,8,l1,"{'penalty': 'l1', 'C': 8}",8,0.673640167364,0.991525423729,0.762711864407,0.958158995816,0.00399994850159,0.000499963760376,0.0445349602629,0.0166832139565
15,0.00349998474121,0.0,0.715789473684,0.960197858308,8,l2,"{'penalty': 'l2', 'C': 8}",15,0.652719665272,0.991525423729,0.779661016949,0.928870292887,0.000499963760376,0.0,0.0634694099288,0.0313275654209
16,0.00949990749359,0.00100004673004,0.717894736842,0.974842209772,9,l1,"{'penalty': 'l1', 'C': 9}",8,0.673640167364,0.991525423729,0.762711864407,0.958158995816,0.000500082969666,1.19209289551e-07,0.0445349602629,0.0166832139565
17,0.00300002098083,0.000999927520752,0.715789473684,0.960197858308,9,l2,"{'penalty': 'l2', 'C': 9}",15,0.652719665272,0.991525423729,0.779661016949,0.928870292887,0.000999927520752,0.0,0.0634694099288,0.0313275654209
18,0.00999999046326,0.00100004673004,0.717894736842,0.979026310191,10,l1,"{'penalty': 'l1', 'C': 10}",8,0.673640167364,0.991525423729,0.762711864407,0.966527196653,0.00200009346008,1.19209289551e-07,0.0445349602629,0.012499113538
19,0.00399994850159,0.0,0.715789473684,0.964381958726,10,l2,"{'penalty': 'l2', 'C': 10}",15,0.65690376569,0.991525423729,0.775423728814,0.937238493724,0.000999927520752,0.0,0.0592587996333,0.0271434650025
