,mean_fit_time,mean_score_time,mean_test_score,mean_train_score,param_C,param_penalty,params,rank_test_score,split0_test_score,split0_train_score,split1_test_score,split1_train_score,std_fit_time,std_score_time,std_test_score,std_train_score
0,0.00349998474121,0.000500082969666,0.745263157895,0.886630380824,1,l1,"{'penalty': 'l1', 'C': 1}",19,0.686192468619,0.936440677966,0.805084745763,0.836820083682,0.000499963760376,0.000500082969666,0.0594449529306,0.049810297142
1,0.00250005722046,0.000999927520752,0.762105263158,0.897064038011,1,l2,"{'penalty': 'l2', 'C': 1}",14,0.707112970711,0.932203389831,0.817796610169,0.861924686192,0.000499963760376,0.0,0.0553407159477,0.035139351819
2,0.00349998474121,0.000999927520752,0.745263157895,0.922328203673,2,l1,"{'penalty': 'l1', 'C': 2}",19,0.702928870293,0.957627118644,0.78813559322,0.887029288703,0.000499963760376,0.0,0.0426025117483,0.0352989149706
3,0.00299990177155,0.0,0.762105263158,0.91181476491,2,l2,"{'penalty': 'l2', 'C': 2}",14,0.715481171548,0.949152542373,0.809322033898,0.874476987448,0.00100004673004,0.0,0.0469194953566,0.0373377774626
4,0.00500011444092,0.000999927520752,0.753684210526,0.926538897951,3,l1,"{'penalty': 'l1', 'C': 3}",18,0.719665271967,0.96186440678,0.78813559322,0.891213389121,0.0,0.0,0.0342344778136,0.0353255088292
5,0.00250005722046,0.0,0.766315789474,0.920262747323,3,l2,"{'penalty': 'l2', 'C': 3}",2,0.719665271967,0.96186440678,0.813559322034,0.878661087866,0.000499963760376,0.0,0.0469460886848,0.0416016594568
6,0.00750005245209,0.0,0.757894736842,0.930776186086,4,l1,"{'penalty': 'l1', 'C': 4}",17,0.728033472803,0.970338983051,0.78813559322,0.891213389121,0.000500082969666,0.0,0.0300504608462,0.0395627969648
7,0.00300002098083,0.000499963760376,0.764210526316,0.924446847741,4,l2,"{'penalty': 'l2', 'C': 4}",8,0.719665271967,0.96186440678,0.809322033898,0.887029288703,0.000999927520752,0.000499963760376,0.0448274868729,0.0374175590384
8,0.00850009918213,0.000499963760376,0.762105263158,0.930776186086,5,l1,"{'penalty': 'l1', 'C': 5}",14,0.732217573222,0.970338983051,0.792372881356,0.891213389121,0.00149989128113,0.000499963760376,0.0300770541744,0.0395627969648
9,0.00250005722046,0.000499963760376,0.764210526316,0.926538897951,5,l2,"{'penalty': 'l2', 'C': 5}",8,0.719665271967,0.96186440678,0.809322033898,0.891213389121,0.000499963760376,0.000499963760376,0.0448274868729,0.0353255088292
10,0.00899994373322,0.0,0.764210526316,0.934986880363,6,l1,"{'penalty': 'l1', 'C': 6}",8,0.732217573222,0.974576271186,0.796610169492,0.89539748954,0.00199997425079,0.0,0.0321956559862,0.0395893908233
11,0.00249993801117,0.000999927520752,0.766315789474,0.926538897951,6,l2,"{'penalty': 'l2', 'C': 6}",2,0.719665271967,0.96186440678,0.813559322034,0.891213389121,0.000500082969666,0.0,0.0469460886848,0.0353255088292
12,0.0105000734329,0.0,0.764210526316,0.945500319126,7,l1,"{'penalty': 'l1', 'C': 7}",8,0.732217573222,0.983050847458,0.796610169492,0.907949790795,0.00150001049042,0.0,0.0321956559862,0.0375505283313
13,0.00349998474121,0.000499963760376,0.766315789474,0.926538897951,7,l2,"{'penalty': 'l2', 'C': 7}",2,0.719665271967,0.96186440678,0.813559322034,0.891213389121,0.000499963760376,0.000499963760376,0.0469460886848,0.0353255088292
14,0.0104999542236,0.000500082969666,0.766315789474,0.943408268917,8,l1,"{'penalty': 'l1', 'C': 8}",2,0.732217573222,0.983050847458,0.800847457627,0.903765690377,0.00250005722046,0.000500082969666,0.0343142577981,0.0396425785405
15,0.00349998474121,0.000499963760376,0.766315789474,0.926538897951,8,l2,"{'penalty': 'l2', 'C': 8}",2,0.719665271967,0.96186440678,0.813559322034,0.891213389121,0.000499963760376,0.000499963760376,0.0469460886848,0.0353255088292
16,0.010999917984,0.0,0.768421052632,0.945500319126,9,l1,"{'penalty': 'l1', 'C': 9}",1,0.732217573222,0.983050847458,0.805084745763,0.907949790795,0.000999927520752,0.0,0.03643285961,0.0375505283313
17,0.00300002098083,0.000999927520752,0.764210526316,0.926538897951,9,l2,"{'penalty': 'l2', 'C': 9}",8,0.715481171548,0.96186440678,0.813559322034,0.891213389121,0.0,0.0,0.0490380971685,0.0353255088292
18,0.0120000839233,0.000500082969666,0.766315789474,0.945500319126,10,l1,"{'penalty': 'l1', 'C': 10}",2,0.728033472803,0.983050847458,0.805084745763,0.907949790795,0.000999927520752,0.000500082969666,0.0385248680937,0.0375505283313
19,0.0039998292923,0.000500082969666,0.764210526316,0.924446847741,10,l2,"{'penalty': 'l2', 'C': 10}",8,0.715481171548,0.96186440678,0.813559322034,0.887029288703,0.00100004673004,0.000500082969666,0.0490380971685,0.0374175590384
