,mean_fit_time,mean_score_time,mean_test_score,mean_train_score,param_C,param_penalty,params,rank_test_score,split0_test_score,split0_train_score,split1_test_score,split1_train_score,std_fit_time,std_score_time,std_test_score,std_train_score
0,0.00400006771088,0.0,0.713684210526,0.911867952627,1,l1,"{'penalty': 'l1', 'C': 1}",20,0.652719665272,0.957627118644,0.775423728814,0.866108786611,1.19209289551e-07,0.0,0.061350808117,0.0457591660166
1,0.00250005722046,0.000999927520752,0.736842105263,0.924500035458,1,l2,"{'penalty': 'l2', 'C': 1}",17,0.673640167364,0.970338983051,0.800847457627,0.878661087866,0.000499963760376,0.0,0.0636023765697,0.0458389475924
2,0.00450003147125,0.000500082969666,0.724210526316,0.941263030991,2,l1,"{'penalty': 'l1', 'C': 2}",19,0.673640167364,0.974576271186,0.775423728814,0.907949790795,0.00150001049042,0.000500082969666,0.0508907656985,0.0333132401957
3,0.00250005722046,0.000999927520752,0.745263157895,0.926592085668,2,l2,"{'penalty': 'l2', 'C': 2}",16,0.677824267782,0.970338983051,0.813559322034,0.882845188285,0.000499963760376,0.0,0.0678661735217,0.0437468973832
4,0.00699996948242,0.00100004673004,0.730526315789,0.943381675059,3,l1,"{'penalty': 'l1', 'C': 3}",18,0.673640167364,0.978813559322,0.78813559322,0.907949790795,0.000999927520752,1.19209289551e-07,0.0572465711341,0.0354318842635
5,0.00300002098083,0.0,0.751578947368,0.930802779945,3,l2,"{'penalty': 'l2', 'C': 3}",15,0.677824267782,0.974576271186,0.826271186441,0.887029288703,0.000999927520752,0.0,0.0742219789573,0.0437734912418
6,0.00599992275238,0.000500082969666,0.753684210526,0.947565775477,4,l1,"{'penalty': 'l1', 'C': 4}",14,0.673640167364,0.978813559322,0.834745762712,0.916317991632,0.00100004673004,0.000500082969666,0.0805511910647,0.0312477838451
7,0.00349998474121,0.000499963760376,0.757894736842,0.932894830154,4,l2,"{'penalty': 'l2', 'C': 4}",11,0.677824267782,0.974576271186,0.838983050847,0.891213389121,0.000499963760376,0.000499963760376,0.0805777843929,0.0416814410326
8,0.00799989700317,0.000500082969666,0.757894736842,0.953868519963,5,l1,"{'penalty': 'l1', 'C': 5}",11,0.677824267782,0.983050847458,0.838983050847,0.924686192469,0.00200009346008,0.000500082969666,0.0805777843929,0.0291823274945
9,0.00300014019012,0.000499963760376,0.76,0.932894830154,5,l2,"{'penalty': 'l2', 'C': 5}",7,0.677824267782,0.974576271186,0.843220338983,0.891213389121,0.00100004673004,0.000499963760376,0.0826963862048,0.0416814410326
10,0.0074999332428,0.00100016593933,0.764210526316,0.95807921424,6,l1,"{'penalty': 'l1', 'C': 6}",2,0.682008368201,0.987288135593,0.847457627119,0.928870292887,0.00250005722046,0.0,0.0827229795329,0.0292089213531
11,0.00249993801117,0.00100016593933,0.762105263158,0.934986880363,6,l2,"{'penalty': 'l2', 'C': 6}",6,0.673640167364,0.974576271186,0.851694915254,0.89539748954,0.000500082969666,0.0,0.0890255983122,0.0395893908233
12,0.00849997997284,0.000999927520752,0.76,0.964355364868,7,l1,"{'penalty': 'l1', 'C': 7}",7,0.673640167364,0.987288135593,0.847457627119,0.941422594142,0.00150001049042,0.0,0.0869069965003,0.0229327707255
13,0.00249993801117,0.00100004673004,0.766315789474,0.934986880363,7,l2,"{'penalty': 'l2', 'C': 7}",1,0.677824267782,0.974576271186,0.85593220339,0.89539748954,0.000500082969666,1.19209289551e-07,0.0890521916404,0.0395893908233
14,0.0120000839233,0.000499963760376,0.757894736842,0.966447415077,8,l1,"{'penalty': 'l1', 'C': 8}",11,0.673640167364,0.987288135593,0.843220338983,0.945606694561,0.00300002098083,0.000499963760376,0.0847883946884,0.0208407205163
15,0.00300014019012,0.000999927520752,0.764210526316,0.937078930572,8,l2,"{'penalty': 'l2', 'C': 8}",2,0.673640167364,0.974576271186,0.85593220339,0.899581589958,0.00100004673004,0.0,0.0911442001241,0.0374973406141
16,0.0134999752045,0.000499963760376,0.76,0.966447415077,9,l1,"{'penalty': 'l1', 'C': 9}",7,0.673640167364,0.987288135593,0.847457627119,0.945606694561,0.00150012969971,0.000499963760376,0.0869069965003,0.0208407205163
17,0.0035001039505,0.0,0.764210526316,0.941289624849,9,l2,"{'penalty': 'l2', 'C': 9}",2,0.673640167364,0.978813559322,0.85593220339,0.903765690377,0.000500082969666,0.0,0.0911442001241,0.0375239344727
18,0.0140000581741,0.000500082969666,0.764210526316,0.964355364868,10,l1,"{'penalty': 'l1', 'C': 10}",2,0.682008368201,0.987288135593,0.847457627119,0.941422594142,0.00400006771088,0.000500082969666,0.0827229795329,0.0229327707255
19,0.00349986553192,0.000500082969666,0.76,0.943381675059,10,l2,"{'penalty': 'l2', 'C': 10}",7,0.673640167364,0.978813559322,0.847457627119,0.907949790795,0.000500082969666,0.000500082969666,0.0869069965003,0.0354318842635
