,mean_fit_time,mean_score_time,mean_test_score,mean_train_score,param_C,param_penalty,params,rank_test_score,split0_test_score,split0_train_score,split1_test_score,split1_train_score,std_fit_time,std_score_time,std_test_score,std_train_score
0,0.00399994850159,0.0,0.705263157895,0.918011133962,1,l1,"{'penalty': 'l1', 'C': 1}",20,0.673640167364,0.936440677966,0.737288135593,0.899581589958,0.00100016593933,0.0,0.0318233493917,0.018429544004
1,0.00250005722046,0.000499963760376,0.736842105263,0.918011133962,1,l2,"{'penalty': 'l2', 'C': 1}",15,0.694560669456,0.936440677966,0.779661016949,0.899581589958,0.000499963760376,0.000499963760376,0.042549325092,0.018429544004
2,0.00450003147125,0.0,0.724210526316,0.93485391107,2,l1,"{'penalty': 'l1', 'C': 2}",19,0.690376569038,0.953389830508,0.758474576271,0.916317991632,0.000500082969666,0.0,0.0340483245163,0.0185359194383
3,0.00250005722046,0.0,0.736842105263,0.93069640451,2,l2,"{'penalty': 'l2', 'C': 2}",15,0.702928870293,0.957627118644,0.771186440678,0.903765690377,0.000499963760376,0.0,0.0341281045008,0.0269307141337
4,0.00600004196167,0.000499963760376,0.734736842105,0.932761860861,3,l1,"{'penalty': 'l1', 'C': 3}",18,0.702928870293,0.953389830508,0.766949152542,0.912133891213,0.0,0.000499963760376,0.032009502689,0.0206279696475
5,0.00250005722046,0.000499963760376,0.736842105263,0.934880504929,3,l2,"{'penalty': 'l2', 'C': 3}",15,0.698744769874,0.957627118644,0.775423728814,0.912133891213,0.000499963760376,0.000499963760376,0.0383387147964,0.0227466137153
6,0.00499999523163,0.000499963760376,0.741052631579,0.943275299624,4,l1,"{'penalty': 'l1', 'C': 4}",13,0.71129707113,0.96186440678,0.771186440678,0.924686192469,0.00100004673004,0.000499963760376,0.0299440875335,0.0185891071555
7,0.00249993801117,0.00100004673004,0.743157894737,0.943328487341,4,l2,"{'penalty': 'l2', 'C': 4}",9,0.707112970711,0.970338983051,0.779661016949,0.916317991632,0.000500082969666,1.19209289551e-07,0.0362732996409,0.0270104957095
8,0.00550007820129,0.0,0.741052631579,0.943275299624,5,l1,"{'penalty': 'l1', 'C': 5}",13,0.71129707113,0.96186440678,0.771186440678,0.924686192469,0.000499963760376,0.0,0.0299440875335,0.0185891071555
9,0.00249993801117,0.00100004673004,0.743157894737,0.943328487341,5,l2,"{'penalty': 'l2', 'C': 5}",9,0.707112970711,0.970338983051,0.779661016949,0.916317991632,0.000499844551086,1.19209289551e-07,0.0362732996409,0.0270104957095
10,0.00800001621246,0.000999927520752,0.743157894737,0.943275299624,6,l1,"{'penalty': 'l1', 'C': 6}",9,0.71129707113,0.96186440678,0.775423728814,0.924686192469,0.00100004673004,0.0,0.0320626893453,0.0185891071555
11,0.00349998474121,0.000500082969666,0.743157894737,0.943328487341,6,l2,"{'penalty': 'l2', 'C': 6}",9,0.707112970711,0.970338983051,0.779661016949,0.916317991632,0.000499963760376,0.000500082969666,0.0362732996409,0.0270104957095
12,0.0120000839233,0.000499963760376,0.749473684211,0.95167009432,7,l1,"{'penalty': 'l1', 'C': 7}",1,0.719665271967,0.966101694915,0.779661016949,0.937238493724,0.00300002098083,0.000499963760376,0.0299972741898,0.0144316005957
13,0.00349998474121,0.000499963760376,0.747368421053,0.941209843274,7,l2,"{'penalty': 'l2', 'C': 7}",4,0.71129707113,0.966101694915,0.783898305085,0.916317991632,0.000500202178955,0.000499963760376,0.0362998929691,0.0248918516417
14,0.0145000219345,0.000500082969666,0.749473684211,0.953762144529,8,l1,"{'penalty': 'l1', 'C': 8}",1,0.715481171548,0.966101694915,0.783898305085,0.941422594142,0.00150001049042,0.000500082969666,0.0342078844854,0.0123395503865
15,0.00349998474121,0.000500082969666,0.745263157895,0.941209843274,8,l2,"{'penalty': 'l2', 'C': 8}",7,0.71129707113,0.966101694915,0.779661016949,0.916317991632,0.000499963760376,0.000500082969666,0.0341812911572,0.0248918516417
16,0.0145000219345,0.00100004673004,0.747368421053,0.955854194738,9,l1,"{'penalty': 'l1', 'C': 9}",4,0.707112970711,0.966101694915,0.78813559322,0.945606694561,0.00250017642975,1.19209289551e-07,0.0405105032646,0.0102475001773
17,0.00300002098083,0.00100004673004,0.749473684211,0.943301893483,9,l2,"{'penalty': 'l2', 'C': 9}",1,0.715481171548,0.966101694915,0.783898305085,0.92050209205,0.00100016593933,1.19209289551e-07,0.0342078844854,0.0227998014325
18,0.0184998512268,0.00100004673004,0.745263157895,0.957972838806,10,l1,"{'penalty': 'l1', 'C': 10}",7,0.707112970711,0.970338983051,0.783898305085,0.945606694561,0.000499963760376,1.19209289551e-07,0.0383919014528,0.0123661442451
19,0.00400006771088,0.000499963760376,0.747368421053,0.943301893483,10,l2,"{'penalty': 'l2', 'C': 10}",4,0.715481171548,0.966101694915,0.779661016949,0.92050209205,0.00100004673004,0.000499963760376,0.0320892826735,0.0227998014325
