,mean_fit_time,mean_score_time,mean_test_score,mean_train_score,param_C,param_penalty,params,rank_test_score,split0_test_score,split0_train_score,split1_test_score,split1_train_score,std_fit_time,std_score_time,std_test_score,std_train_score
0,0.00199997425079,0.000499963760376,0.734736842105,0.919996808737,1,l1,"{'penalty': 'l1', 'C': 1}",20,0.669456066946,0.919491525424,0.800847457627,0.92050209205,1.19209289551e-07,0.000499963760376,0.0656943850534,0.00050528331324
1,0.00249993801117,0.000499963760376,0.753684210526,0.922062265088,1,l2,"{'penalty': 'l2', 'C': 1}",18,0.698744769874,0.915254237288,0.809322033898,0.928870292887,0.000500082969666,0.000499963760376,0.0552875292914,0.00680802779945
2,0.00450003147125,0.000499963760376,0.747368421053,0.928418197291,2,l1,"{'penalty': 'l1', 'C': 2}",19,0.686192468619,0.927966101695,0.809322033898,0.928870292887,0.000500082969666,0.000499963760376,0.0615635547424,0.000452095596057
3,0.00349998474121,0.0,0.757894736842,0.922088858946,2,l2,"{'penalty': 'l2', 'C': 2}",16,0.707112970711,0.919491525424,0.809322033898,0.924686192469,0.000499963760376,0.0,0.051103512324,0.00259733352245
4,0.0035001039505,0.000500082969666,0.755789473684,0.941103467839,3,l1,"{'penalty': 'l1', 'C': 3}",17,0.690376569038,0.949152542373,0.822033898305,0.933054393305,0.000500082969666,0.000500082969666,0.0658273516943,0.00804907453372
5,0.00500011444092,0.000499963760376,0.762105263158,0.930536841359,3,l2,"{'penalty': 'l2', 'C': 3}",15,0.719665271967,0.932203389831,0.805084745763,0.928870292887,0.00300002098083,0.000499963760376,0.042708885061,0.00166654847174
6,0.005499958992,0.000999927520752,0.774736842105,0.945314162116,4,l1,"{'penalty': 'l1', 'C': 4}",13,0.73640167364,0.953389830508,0.813559322034,0.937238493724,0.00150001049042,0.0,0.03857805475,0.00807566839231
7,0.00250005722046,0.000999927520752,0.766315789474,0.936866179704,4,l2,"{'penalty': 'l2', 'C': 4}",14,0.728033472803,0.940677966102,0.805084745763,0.933054393305,0.000499963760376,0.0,0.0385248680937,0.00381178639813
8,0.00499999523163,0.000499963760376,0.781052631579,0.947485993901,5,l1,"{'penalty': 'l1', 'C': 5}",6,0.744769874477,0.966101694915,0.817796610169,0.928870292887,0.00199997425079,0.000499963760376,0.0365126395945,0.0186157010141
9,0.00400006771088,0.0,0.776842105263,0.938984823771,5,l2,"{'penalty': 'l2', 'C': 5}",9,0.753138075314,0.944915254237,0.800847457627,0.933054393305,0.00100004673004,0.0,0.0238542153797,0.00593043046592
10,0.00700008869171,0.000999927520752,0.783157894737,0.949604637969,6,l1,"{'penalty': 'l1', 'C': 6}",5,0.744769874477,0.970338983051,0.822033898305,0.928870292887,0.00199997425079,0.0,0.0386312414064,0.0207343450819
11,0.00249993801117,0.00100016593933,0.776842105263,0.941076873981,6,l2,"{'penalty': 'l2', 'C': 6}",9,0.757322175732,0.944915254237,0.796610169492,0.937238493724,0.000500082969666,0.0,0.0196436050841,0.00383838025672
12,0.00699996948242,0.0,0.787368421053,0.949604637969,7,l1,"{'penalty': 'l1', 'C': 7}",4,0.753138075314,0.970338983051,0.822033898305,0.928870292887,0.00300002098083,0.0,0.034447224439,0.0207343450819
13,0.00250005722046,0.00100004673004,0.781052631579,0.94316892419,7,l2,"{'penalty': 'l2', 'C': 7}",6,0.761506276151,0.944915254237,0.800847457627,0.941422594142,0.000499963760376,1.19209289551e-07,0.0196701984123,0.00174633004751
14,0.00849997997284,0.000499963760376,0.789473684211,0.949604637969,8,l1,"{'penalty': 'l1', 'C': 8}",3,0.753138075314,0.970338983051,0.826271186441,0.928870292887,0.00249993801117,0.000499963760376,0.0365658262509,0.0207343450819
15,0.00349998474121,0.000499963760376,0.778947368421,0.945287568258,8,l2,"{'penalty': 'l2', 'C': 8}",8,0.761506276151,0.949152542373,0.796610169492,0.941422594142,0.000499963760376,0.000499963760376,0.0175515966004,0.00386497411531
16,0.00849986076355,0.00100004673004,0.793684210526,0.953788738387,9,l1,"{'penalty': 'l1', 'C': 9}",1,0.757322175732,0.970338983051,0.830508474576,0.937238493724,0.00250005722046,1.19209289551e-07,0.0365924195791,0.0165502446635
17,0.00300002098083,0.000999927520752,0.776842105263,0.945287568258,9,l2,"{'penalty': 'l2', 'C': 9}",9,0.761506276151,0.949152542373,0.792372881356,0.941422594142,0.000999927520752,0.0,0.0154329947886,0.00386497411531
18,0.00849997997284,0.000499963760376,0.793684210526,0.953788738387,10,l1,"{'penalty': 'l1', 'C': 10}",1,0.757322175732,0.970338983051,0.830508474576,0.937238493724,0.00450003147125,0.000499963760376,0.0365924195791,0.0165502446635
19,0.00349986553192,0.0,0.776842105263,0.945287568258,10,l2,"{'penalty': 'l2', 'C': 10}",9,0.761506276151,0.949152542373,0.792372881356,0.941422594142,0.000500082969666,0.0,0.0154329947886,0.00386497411531
