,mean_fit_time,mean_score_time,mean_test_score,mean_train_score,param_C,param_penalty,params,rank_test_score,split0_test_score,split0_train_score,split1_test_score,split1_train_score,std_fit_time,std_score_time,std_test_score,std_train_score
0,0.00250005722046,0.000499963760376,0.738947368421,0.905512020424,1,l1,"{'penalty': 'l1', 'C': 1}",1,0.682008368201,0.944915254237,0.796610169492,0.866108786611,0.000499963760376,0.000499963760376,0.0572997577905,0.0394032338132
1,0.00300002098083,0.0,0.738947368421,0.913880221261,1,l2,"{'penalty': 'l2', 'C': 1}",1,0.682008368201,0.944915254237,0.796610169492,0.882845188285,0.0,0.0,0.0572997577905,0.0310350329764
2,0.00399994850159,0.00100004673004,0.717894736842,0.924420253883,2,l1,"{'penalty': 'l1', 'C': 2}",17,0.652719665272,0.957627118644,0.783898305085,0.891213389121,0.000999927520752,1.19209289551e-07,0.0655880117407,0.0332068647614
3,0.00300002098083,0.0,0.724210526316,0.918090915538,2,l2,"{'penalty': 'l2', 'C': 2}",4,0.661087866109,0.949152542373,0.78813559322,0.887029288703,0.000999927520752,0.0,0.0635225965852,0.031061626835
4,0.00500011444092,0.000499963760376,0.724210526316,0.937052336714,3,l1,"{'penalty': 'l1', 'C': 3}",4,0.652719665272,0.970338983051,0.796610169492,0.903765690377,0.0,0.000499963760376,0.0719438171763,0.0332866463371
5,0.00249993801117,0.000499963760376,0.722105263158,0.924420253883,3,l2,"{'penalty': 'l2', 'C': 3}",9,0.65690376569,0.957627118644,0.78813559322,0.891213389121,0.000500082969666,0.000499963760376,0.0656146050689,0.0332068647614
6,0.00499999523163,0.000500082969666,0.724210526316,0.949631231828,4,l1,"{'penalty': 'l1', 'C': 4}",4,0.644351464435,0.974576271186,0.805084745763,0.924686192469,1.19209289551e-07,0.000500082969666,0.0803650377674,0.0249450393589
7,0.00300014019012,0.000499963760376,0.722105263158,0.930749592228,4,l2,"{'penalty': 'l2', 'C': 4}",9,0.65690376569,0.966101694915,0.78813559322,0.89539748954,0.00100004673004,0.000499963760376,0.0656146050689,0.0353521026878
8,0.00800001621246,0.000499963760376,0.726315789474,0.958026026523,5,l1,"{'penalty': 'l1', 'C': 5}",3,0.644351464435,0.978813559322,0.809322033898,0.937238493724,1.19209289551e-07,0.000499963760376,0.0824836395793,0.0207875327991
9,0.00300002098083,0.000499963760376,0.724210526316,0.934960286505,5,l2,"{'penalty': 'l2', 'C': 5}",4,0.65690376569,0.970338983051,0.792372881356,0.899581589958,0.0,0.000499963760376,0.0677332068808,0.0353786965463
10,0.00899994373322,0.0,0.724210526316,0.958026026523,6,l1,"{'penalty': 'l1', 'C': 6}",4,0.644351464435,0.978813559322,0.805084745763,0.937238493724,1.19209289551e-07,0.0,0.0803650377674,0.0207875327991
11,0.00349998474121,0.00100004673004,0.722105263158,0.939144386923,6,l2,"{'penalty': 'l2', 'C': 6}",9,0.65690376569,0.970338983051,0.78813559322,0.907949790795,0.000499963760376,1.19209289551e-07,0.0656146050689,0.0311945961279
12,0.00949990749359,0.000500082969666,0.722105263158,0.955933976314,7,l1,"{'penalty': 'l1', 'C': 7}",9,0.644351464435,0.978813559322,0.800847457627,0.933054393305,0.000500082969666,0.000500082969666,0.0782464359556,0.0228795830083
13,0.00299990177155,0.000499963760376,0.72,0.937052336714,7,l2,"{'penalty': 'l2', 'C': 7}",16,0.65690376569,0.970338983051,0.783898305085,0.903765690377,1.19209289551e-07,0.000499963760376,0.063496003257,0.0332866463371
14,0.0104999542236,0.00100004673004,0.722105263158,0.958052620382,8,l1,"{'penalty': 'l1', 'C': 8}",9,0.644351464435,0.983050847458,0.800847457627,0.933054393305,0.00149989128113,1.19209289551e-07,0.0782464359556,0.0249982270761
15,0.00250005722046,0.000499963760376,0.715789473684,0.939170980782,8,l2,"{'penalty': 'l2', 'C': 8}",20,0.652719665272,0.974576271186,0.779661016949,0.903765690377,0.000499963760376,0.000499963760376,0.0634694099288,0.0354052904049
16,0.0129998922348,0.000499963760376,0.722105263158,0.960144670591,9,l1,"{'penalty': 'l1', 'C': 9}",9,0.640167364017,0.983050847458,0.805084745763,0.937238493724,0.00199997425079,0.000499963760376,0.0824570462511,0.0229061768669
17,0.00349998474121,0.000500082969666,0.717894736842,0.9433550812,9,l2,"{'penalty': 'l2', 'C': 9}",17,0.652719665272,0.974576271186,0.783898305085,0.912133891213,0.000499963760376,0.000500082969666,0.0655880117407,0.0312211899865
18,0.0114998817444,0.000500082969666,0.722105263158,0.960144670591,10,l1,"{'penalty': 'l1', 'C': 10}",9,0.648535564854,0.983050847458,0.796610169492,0.937238493724,0.00250005722046,0.000500082969666,0.07403582566,0.0229061768669
19,0.00349998474121,0.000500082969666,0.717894736842,0.9433550812,10,l2,"{'penalty': 'l2', 'C': 10}",17,0.652719665272,0.974576271186,0.783898305085,0.912133891213,0.000499963760376,0.000500082969666,0.0655880117407,0.0312211899865
