,mean_fit_time,mean_score_time,mean_test_score,mean_train_score,param_C,param_penalty,params,rank_test_score,split0_test_score,split0_train_score,split1_test_score,split1_train_score,std_fit_time,std_score_time,std_test_score,std_train_score
0,0.0035001039505,0.000499963760376,0.741052631579,0.922195234381,1,l1,"{'penalty': 'l1', 'C': 1}",15,0.723849372385,0.936440677966,0.758474576271,0.907949790795,0.000500082969666,0.000499963760376,0.0173122566468,0.0142454435856
1,0.00249993801117,0.00100004673004,0.741052631579,0.915865896036,1,l2,"{'penalty': 'l2', 'C': 1}",15,0.715481171548,0.927966101695,0.766949152542,0.903765690377,0.000499844551086,1.19209289551e-07,0.0257334772379,0.0121002056592
2,0.00499999523163,0.0,0.730526315789,0.92844479115,2,l1,"{'penalty': 'l1', 'C': 2}",20,0.702928870293,0.932203389831,0.758474576271,0.924686192469,0.000999808311462,0.0,0.0277722990652,0.00375859868094
3,0.00300002098083,0.000499963760376,0.738947368421,0.922168640522,2,l2,"{'penalty': 'l2', 'C': 2}",17,0.715481171548,0.932203389831,0.762711864407,0.912133891213,0.0,0.000499963760376,0.023614875426,0.0100347493086
4,0.00599992275238,0.000499963760376,0.734736842105,0.936892773562,3,l1,"{'penalty': 'l1', 'C': 3}",19,0.707112970711,0.944915254237,0.762711864407,0.928870292887,1.19209289551e-07,0.000499963760376,0.0277988923934,0.00802248067513
5,0.00300002098083,0.000999927520752,0.745263157895,0.928471385008,3,l2,"{'penalty': 'l2', 'C': 3}",10,0.719665271967,0.936440677966,0.771186440678,0.92050209205,0.0,0.0,0.0257600705661,0.00796929295795
6,0.0074999332428,0.0,0.738947368421,0.938984823771,4,l1,"{'penalty': 'l1', 'C': 4}",17,0.702928870293,0.944915254237,0.775423728814,0.933054393305,0.000499963760376,0.0,0.0362467063127,0.00593043046592
7,0.00349998474121,0.0,0.753684210526,0.928471385008,4,l2,"{'penalty': 'l2', 'C': 4}",2,0.723849372385,0.936440677966,0.783898305085,0.92050209205,0.000499963760376,0.0,0.030023867518,0.00796929295795
8,0.00800001621246,0.00100004673004,0.745263157895,0.945260974399,5,l1,"{'penalty': 'l1', 'C': 5}",10,0.707112970711,0.944915254237,0.783898305085,0.945606694561,0.00100004673004,1.19209289551e-07,0.0383919014528,0.000345720161691
9,0.00250005722046,0.000999927520752,0.751578947368,0.928471385008,5,l2,"{'penalty': 'l2', 'C': 5}",3,0.723849372385,0.936440677966,0.779661016949,0.92050209205,0.000499963760376,0.0,0.0279052657061,0.00796929295795
10,0.00849997997284,0.000499963760376,0.751578947368,0.947379618467,6,l1,"{'penalty': 'l1', 'C': 6}",3,0.707112970711,0.949152542373,0.796610169492,0.945606694561,0.000500082969666,0.000499963760376,0.0447477068884,0.00177292390611
11,0.00349998474121,0.00100016593933,0.749473684211,0.928471385008,6,l2,"{'penalty': 'l2', 'C': 6}",7,0.719665271967,0.936440677966,0.779661016949,0.92050209205,0.000499963760376,0.0,0.0299972741898,0.00796929295795
12,0.0100001096725,0.000499963760376,0.751578947368,0.949471668676,7,l1,"{'penalty': 'l1', 'C': 7}",3,0.702928870293,0.949152542373,0.800847457627,0.949790794979,0.00100004673004,0.000499963760376,0.0489583171839,0.000319126303099
13,0.00300002098083,0.000999927520752,0.745263157895,0.930590029076,7,l2,"{'penalty': 'l2', 'C': 7}",10,0.715481171548,0.940677966102,0.775423728814,0.92050209205,0.000999927520752,0.0,0.0299706808616,0.0100879370257
14,0.0124999284744,0.0,0.755789473684,0.949471668676,8,l1,"{'penalty': 'l1', 'C': 8}",1,0.707112970711,0.949152542373,0.805084745763,0.949790794979,0.00150001049042,0.0,0.0489849105121,0.000319126303099
15,0.00349998474121,0.000499963760376,0.745263157895,0.932682079285,8,l2,"{'penalty': 'l2', 'C': 8}",10,0.71129707113,0.940677966102,0.779661016949,0.924686192469,0.000499963760376,0.000499963760376,0.0341812911572,0.00799588681654
16,0.0134999752045,0.000500082969666,0.747368421053,0.951563718885,9,l1,"{'penalty': 'l1', 'C': 9}",8,0.698744769874,0.949152542373,0.796610169492,0.953974895397,0.00349998474121,0.000500082969666,0.0489317238557,0.0024111765123
17,0.00349998474121,0.000499963760376,0.747368421053,0.932682079285,9,l2,"{'penalty': 'l2', 'C': 9}",8,0.71129707113,0.940677966102,0.783898305085,0.924686192469,0.000499963760376,0.000499963760376,0.0362998929691,0.00799588681654
18,0.0145000219345,0.000499963760376,0.745263157895,0.957866463371,10,l1,"{'penalty': 'l1', 'C': 10}",10,0.698744769874,0.953389830508,0.792372881356,0.962343096234,0.00450003147125,0.000499963760376,0.0468131220439,0.00447663286292
19,0.0035001039505,0.0,0.751578947368,0.932682079285,10,l2,"{'penalty': 'l2', 'C': 10}",3,0.71129707113,0.940677966102,0.792372881356,0.924686192469,0.000500082969666,0.0,0.0405370965928,0.00799588681654
