,mean_fit_time,mean_score_time,mean_test_score,mean_train_score,param_C,param_penalty,params,rank_test_score,split0_test_score,split0_train_score,split1_test_score,split1_train_score,std_fit_time,std_score_time,std_test_score,std_train_score
0,0.00349998474121,0.000499963760376,0.698947368421,0.880114885469,1,l1,"{'penalty': 'l1', 'C': 1}",20,0.652719665272,0.898305084746,0.745762711864,0.861924686192,0.000499963760376,0.000499963760376,0.0465205954339,0.0181901992766
1,0.00249993801117,0.0,0.711578947368,0.896957662577,1,l2,"{'penalty': 'l2', 'C': 1}",16,0.661087866109,0.915254237288,0.762711864407,0.878661087866,0.000499844551086,0.0,0.050810985714,0.018296574711
2,0.00450003147125,0.000999927520752,0.711578947368,0.911681795617,2,l1,"{'penalty': 'l1', 'C': 2}",16,0.665271966527,0.927966101695,0.758474576271,0.89539748954,0.000499844551086,0.0,0.0466003754184,0.0162843060776
3,0.00349998474121,0.0,0.724210526316,0.903287000922,2,l2,"{'penalty': 'l2', 'C': 2}",12,0.682008368201,0.923728813559,0.766949152542,0.882845188285,0.000499963760376,0.0,0.0424695451074,0.0204418126374
4,0.00450003147125,0.000999927520752,0.711578947368,0.922168640522,3,l1,"{'penalty': 'l1', 'C': 3}",16,0.669456066946,0.932203389831,0.754237288136,0.912133891213,0.00249993801117,0.0,0.0423897651229,0.0100347493086
5,0.00299990177155,0.000499963760376,0.724210526316,0.911681795617,3,l2,"{'penalty': 'l2', 'C': 3}",12,0.682008368201,0.927966101695,0.766949152542,0.89539748954,0.00100004673004,0.000499963760376,0.0424695451074,0.0162843060776
6,0.00699996948242,0.000499963760376,0.711578947368,0.922168640522,4,l1,"{'penalty': 'l1', 'C': 4}",16,0.665271966527,0.932203389831,0.758474576271,0.912133891213,0.00399994850159,0.000499963760376,0.0466003754184,0.0100347493086
7,0.00400006771088,0.0,0.726315789474,0.913773845827,4,l2,"{'penalty': 'l2', 'C': 4}",7,0.686192468619,0.927966101695,0.766949152542,0.899581589958,0.00100004673004,0.0,0.0403775366237,0.0141922558684
8,0.0090000629425,0.00100004673004,0.724210526316,0.930563435217,5,l1,"{'penalty': 'l1', 'C': 5}",12,0.690376569038,0.936440677966,0.758474576271,0.924686192469,0.00300002098083,1.19209289551e-07,0.0340483245163,0.00587724274874
9,0.00300002098083,0.000499963760376,0.726315789474,0.915865896036,5,l2,"{'penalty': 'l2', 'C': 5}",7,0.690376569038,0.927966101695,0.762711864407,0.903765690377,0.0,0.000499963760376,0.0361669263282,0.0121002056592
10,0.0110000371933,0.00100004673004,0.732631578947,0.932682079285,6,l1,"{'penalty': 'l1', 'C': 6}",1,0.707112970711,0.940677966102,0.758474576271,0.924686192469,0.00100004673004,1.19209289551e-07,0.0256802905815,0.00799588681654
11,0.00349998474121,0.000499963760376,0.724210526316,0.917957946245,6,l2,"{'penalty': 'l2', 'C': 6}",12,0.694560669456,0.927966101695,0.754237288136,0.907949790795,0.000500202178955,0.000499963760376,0.0298377142207,0.01000815545
12,0.00849997997284,0.000499963760376,0.730526315789,0.934774129494,7,l1,"{'penalty': 'l1', 'C': 7}",3,0.707112970711,0.940677966102,0.754237288136,0.928870292887,0.000499844551086,0.000499963760376,0.0235616887697,0.00590383660733
13,0.00449991226196,0.000500082969666,0.726315789474,0.920049996454,7,l2,"{'penalty': 'l2', 'C': 7}",7,0.698744769874,0.927966101695,0.754237288136,0.912133891213,0.000499963760376,0.000500082969666,0.027745705737,0.00791610524076
14,0.0105000734329,0.000499963760376,0.730526315789,0.936866179704,8,l1,"{'penalty': 'l1', 'C': 8}",3,0.707112970711,0.940677966102,0.754237288136,0.933054393305,0.0035001039505,0.000499963760376,0.0235616887697,0.00381178639813
15,0.00349998474121,0.00100004673004,0.726315789474,0.922168640522,8,l2,"{'penalty': 'l2', 'C': 8}",7,0.698744769874,0.932203389831,0.754237288136,0.912133891213,0.000500202178955,1.19209289551e-07,0.027745705737,0.0100347493086
16,0.0110000371933,0.0,0.730526315789,0.938984823771,9,l1,"{'penalty': 'l1', 'C': 9}",3,0.702928870293,0.944915254237,0.758474576271,0.933054393305,0.00199997425079,0.0,0.0277722990652,0.00593043046592
17,0.00450003147125,0.00100004673004,0.728421052632,0.924260690731,9,l2,"{'penalty': 'l2', 'C': 9}",6,0.698744769874,0.932203389831,0.758474576271,0.916317991632,0.000500082969666,1.19209289551e-07,0.0298643075489,0.00794269909935
18,0.0144999027252,0.00100004673004,0.732631578947,0.941076873981,10,l1,"{'penalty': 'l1', 'C': 10}",1,0.702928870293,0.944915254237,0.762711864407,0.937238493724,0.000499963760376,1.19209289551e-07,0.0298909008771,0.00383838025672
19,0.00450003147125,0.00100004673004,0.726315789474,0.924260690731,10,l2,"{'penalty': 'l2', 'C': 10}",7,0.694560669456,0.932203389831,0.758474576271,0.916317991632,0.00150001049042,1.19209289551e-07,0.0319563160326,0.00794269909935
