,mean_fit_time,mean_score_time,mean_test_score,mean_train_score,param_C,param_penalty,params,rank_test_score,split0_test_score,split0_train_score,split1_test_score,split1_train_score,std_fit_time,std_score_time,std_test_score,std_train_score
0,0.00300002098083,0.000500082969666,0.686315789474,0.871666903057,1,l1,"{'penalty': 'l1', 'C': 1}",9,0.669456066946,0.885593220339,0.703389830508,0.857740585774,0.0,0.000500082969666,0.0169665433804,0.0139263172825
1,0.00250005722046,0.000999927520752,0.677894736842,0.880061697752,1,l2,"{'penalty': 'l2', 'C': 1}",12,0.669456066946,0.889830508475,0.686440677966,0.870292887029,0.000499963760376,0.0,0.00849213613294,0.00976881072264
2,0.00450003147125,0.0,0.684210526316,0.905432238848,2,l1,"{'penalty': 'l1', 'C': 2}",10,0.669456066946,0.932203389831,0.699152542373,0.878661087866,0.000499844551086,0.0,0.0148479415685,0.0267711509822
3,0.00349998474121,0.0,0.677894736842,0.886391036097,2,l2,"{'penalty': 'l2', 'C': 2}",12,0.652719665272,0.898305084746,0.703389830508,0.874476987448,0.000499963760376,0.0,0.0253345773152,0.011914048649
4,0.00799989700317,0.00100004673004,0.68,0.926538897951,3,l1,"{'penalty': 'l1', 'C': 3}",11,0.648535564854,0.96186440678,0.71186440678,0.891213389121,0.00399994850159,1.19209289551e-07,0.0316637894226,0.0353255088292
5,0.00300002098083,0.000499963760376,0.692631578947,0.901168356854,3,l2,"{'penalty': 'l2', 'C': 3}",7,0.661087866109,0.919491525424,0.724576271186,0.882845188285,0.000999927520752,0.000499963760376,0.0317435694071,0.0183231685696
6,0.00999999046326,0.000500082969666,0.671578947368,0.939144386923,4,l1,"{'penalty': 'l1', 'C': 4}",19,0.635983263598,0.970338983051,0.707627118644,0.907949790795,0.0,0.000500082969666,0.0358212130618,0.0311945961279
7,0.00349998474121,0.0,0.703157894737,0.903287000922,4,l2,"{'penalty': 'l2', 'C': 4}",1,0.673640167364,0.923728813559,0.733050847458,0.882845188285,0.000499963760376,0.0,0.0297047475798,0.0204418126374
8,0.00999999046326,0.000499963760376,0.675789473684,0.947539181618,5,l1,"{'penalty': 'l1', 'C': 5}",15,0.635983263598,0.974576271186,0.716101694915,0.92050209205,0.00399994850159,0.000499963760376,0.0400584166855,0.0270370895681
9,0.0035001039505,0.0,0.698947368421,0.903287000922,5,l2,"{'penalty': 'l2', 'C': 5}",3,0.665271966527,0.923728813559,0.733050847458,0.882845188285,0.000500082969666,0.0,0.0338887645472,0.0204418126374
10,0.00950002670288,0.0,0.673684210526,0.951749875895,6,l1,"{'penalty': 'l1', 'C': 6}",18,0.63179916318,0.978813559322,0.716101694915,0.924686192469,0.00250005722046,0.0,0.0421504251692,0.0270636834267
11,0.00349998474121,0.000500082969666,0.701052631579,0.909642933125,6,l2,"{'penalty': 'l2', 'C': 6}",2,0.669456066946,0.936440677966,0.733050847458,0.882845188285,0.000499963760376,0.000500082969666,0.0317967560635,0.0267977448408
12,0.00950002670288,0.000499963760376,0.677894736842,0.953841926105,7,l1,"{'penalty': 'l1', 'C': 7}",12,0.627615062762,0.978813559322,0.728813559322,0.928870292887,0.00149989128113,0.000499963760376,0.0505982390885,0.0249716332175
13,0.00399994850159,0.00100004673004,0.694736842105,0.918064321679,7,l2,"{'penalty': 'l2', 'C': 7}",5,0.65690376569,0.944915254237,0.733050847458,0.891213389121,0.000999927520752,1.19209289551e-07,0.0380727815146,0.026850932558
14,0.0110000371933,0.000499963760376,0.671578947368,0.953841926105,8,l1,"{'penalty': 'l1', 'C': 8}",19,0.623430962343,0.978813559322,0.720338983051,0.928870292887,1.19209289551e-07,0.000499963760376,0.0484530439485,0.0249716332175
15,0.00349998474121,0.000499963760376,0.692631578947,0.918064321679,8,l2,"{'penalty': 'l2', 'C': 8}",7,0.652719665272,0.944915254237,0.733050847458,0.891213389121,0.000499963760376,0.000499963760376,0.0401647899983,0.026850932558
16,0.0120000839233,0.000999927520752,0.675789473684,0.953841926105,9,l1,"{'penalty': 'l1', 'C': 9}",15,0.63179916318,0.978813559322,0.720338983051,0.928870292887,0.00399994850159,0.0,0.0442690269811,0.0249716332175
17,0.00349998474121,0.00100004673004,0.694736842105,0.920182965747,9,l2,"{'penalty': 'l2', 'C': 9}",5,0.65690376569,0.949152542373,0.733050847458,0.891213389121,0.000499963760376,1.19209289551e-07,0.0380727815146,0.0289695766258
18,0.0115000009537,0.0,0.675789473684,0.953841926105,10,l1,"{'penalty': 'l1', 'C': 10}",15,0.627615062762,0.978813559322,0.724576271186,0.928870292887,0.00249993801117,0.0,0.0484796372766,0.0249716332175
19,0.00349998474121,0.0,0.696842105263,0.924367066166,10,l2,"{'penalty': 'l2', 'C': 10}",4,0.65690376569,0.949152542373,0.737288135593,0.899581589958,0.000499963760376,0.0,0.0401913833264,0.0247854762074
