,mean_fit_time,mean_score_time,mean_test_score,mean_train_score,param_C,param_penalty,params,rank_test_score,split0_test_score,split0_train_score,split1_test_score,split1_train_score,std_fit_time,std_score_time,std_test_score,std_train_score
0,0.00250005722046,0.0,0.734736842105,0.90765725835,1,l1,"{'penalty': 'l1', 'C': 1}",19,0.686192468619,0.953389830508,0.783898305085,0.861924686192,0.000499963760376,0.0,0.0488519438712,0.045732572158
1,0.00300014019012,0.000499963760376,0.728421052632,0.922328203673,1,l2,"{'penalty': 'l2', 'C': 1}",20,0.673640167364,0.957627118644,0.783898305085,0.887029288703,0.00100004673004,0.000499963760376,0.0551279693223,0.0352989149706
2,0.00450003147125,0.000999927520752,0.749473684211,0.937052336714,2,l1,"{'penalty': 'l1', 'C': 2}",15,0.690376569038,0.970338983051,0.809322033898,0.903765690377,0.000500082969666,0.0,0.0594715462587,0.0332866463371
3,0.00250005722046,0.000499963760376,0.743157894737,0.928657542018,2,l2,"{'penalty': 'l2', 'C': 2}",18,0.673640167364,0.966101694915,0.813559322034,0.891213389121,0.000499963760376,0.000499963760376,0.0699581820054,0.037444152897
4,0.00399994850159,0.000499963760376,0.747368421053,0.945473725268,3,l1,"{'penalty': 'l1', 'C': 3}",16,0.690376569038,0.978813559322,0.805084745763,0.912133891213,0.0,0.000499963760376,0.0573529444469,0.0333398340543
5,0.00250005722046,0.000499963760376,0.751578947368,0.930749592228,3,l2,"{'penalty': 'l2', 'C': 3}",13,0.686192468619,0.966101694915,0.817796610169,0.89539748954,0.000499963760376,0.000499963760376,0.0658007583662,0.0353521026878
6,0.00599992275238,0.0,0.745263157895,0.947565775477,4,l1,"{'penalty': 'l1', 'C': 4}",17,0.694560669456,0.978813559322,0.796610169492,0.916317991632,0.00199997425079,0.0,0.0510237323394,0.0312477838451
7,0.00349998474121,0.000500082969666,0.762105263158,0.934960286505,4,l2,"{'penalty': 'l2', 'C': 4}",6,0.707112970711,0.970338983051,0.817796610169,0.899581589958,0.000499963760376,0.000500082969666,0.0553407159477,0.0353786965463
8,0.00849997997284,0.000499963760376,0.751578947368,0.951749875895,5,l1,"{'penalty': 'l1', 'C': 5}",13,0.694560669456,0.978813559322,0.809322033898,0.924686192469,0.00249993801117,0.000499963760376,0.057379537775,0.0270636834267
9,0.00250005722046,0.000999927520752,0.757894736842,0.939170980782,5,l2,"{'penalty': 'l2', 'C': 5}",12,0.702928870293,0.974576271186,0.813559322034,0.903765690377,0.000499963760376,0.0,0.0553141226195,0.0354052904049
10,0.00699996948242,0.00100016593933,0.76,0.958052620382,6,l1,"{'penalty': 'l1', 'C': 6}",11,0.690376569038,0.983050847458,0.830508474576,0.933054393305,0.00300002098083,0.0,0.0700645553181,0.0249982270761
11,0.00349998474121,0.0,0.762105263158,0.939170980782,6,l2,"{'penalty': 'l2', 'C': 6}",6,0.702928870293,0.974576271186,0.822033898305,0.903765690377,0.000499963760376,0.0,0.0595513262433,0.0354052904049
12,0.00850009918213,0.000999927520752,0.764210526316,0.966447415077,7,l1,"{'penalty': 'l1', 'C': 7}",3,0.690376569038,0.987288135593,0.838983050847,0.945606694561,0.00250005722046,0.0,0.0743017589418,0.0208407205163
13,0.00300002098083,0.00100004673004,0.766315789474,0.941289624849,7,l2,"{'penalty': 'l2', 'C': 7}",1,0.707112970711,0.978813559322,0.826271186441,0.903765690377,0.000999927520752,1.19209289551e-07,0.0595779195715,0.0375239344727
14,0.0090000629425,0.000499963760376,0.762105263158,0.968539465286,8,l1,"{'penalty': 'l1', 'C': 8}",6,0.686192468619,0.987288135593,0.838983050847,0.949790794979,0.00399994850159,0.000499963760376,0.0763937674255,0.0187486703071
15,0.00349998474121,0.0,0.762105263158,0.941289624849,8,l2,"{'penalty': 'l2', 'C': 8}",6,0.702928870293,0.978813559322,0.822033898305,0.903765690377,0.000500202178955,0.0,0.0595513262433,0.0375239344727
16,0.0115000009537,0.00100004673004,0.762105263158,0.970631515495,9,l1,"{'penalty': 'l1', 'C': 9}",6,0.686192468619,0.987288135593,0.838983050847,0.953974895397,0.000500082969666,1.19209289551e-07,0.0763937674255,0.0166566200979
17,0.00349998474121,0.0,0.764210526316,0.943381675059,9,l2,"{'penalty': 'l2', 'C': 9}",3,0.702928870293,0.978813559322,0.826271186441,0.907949790795,0.000499963760376,0.0,0.0616699280552,0.0354318842635
18,0.0125000476837,0.000500082969666,0.764210526316,0.970631515495,10,l1,"{'penalty': 'l1', 'C': 10}",3,0.686192468619,0.987288135593,0.843220338983,0.953974895397,0.00150012969971,0.000500082969666,0.0785123692374,0.0166566200979
19,0.00349998474121,0.00100004673004,0.766315789474,0.943381675059,10,l2,"{'penalty': 'l2', 'C': 10}",1,0.702928870293,0.978813559322,0.830508474576,0.907949790795,0.000499963760376,1.19209289551e-07,0.063788529867,0.0354318842635
