,mean_fit_time,mean_score_time,mean_test_score,mean_train_score,param_C,param_penalty,params,rank_test_score,split0_test_score,split0_train_score,split1_test_score,split1_train_score,std_fit_time,std_score_time,std_test_score,std_train_score
0,0.00300002098083,0.000499963760376,0.650526315789,0.808586270477,1,l1,"{'penalty': 'l1', 'C': 1}",19,0.606694560669,0.834745762712,0.694915254237,0.782426778243,0.0,0.000499963760376,0.044109467012,0.0261594922346
1,0.00150001049042,0.000499963760376,0.648421052632,0.812770370896,1,l2,"{'penalty': 'l2', 'C': 1}",20,0.606694560669,0.834745762712,0.690677966102,0.790794979079,0.000499844551086,0.000499963760376,0.0419908652001,0.0219753918162
2,0.00500011444092,0.000499963760376,0.658947368421,0.817007659031,2,l1,"{'penalty': 'l1', 'C': 2}",1,0.619246861925,0.843220338983,0.699152542373,0.790794979079,0.0,0.000499963760376,0.0399520433728,0.0262126799518
3,0.00199997425079,0.0,0.654736842105,0.812770370896,2,l2,"{'penalty': 'l2', 'C': 2}",13,0.610878661088,0.834745762712,0.699152542373,0.790794979079,1.19209289551e-07,0.0,0.0441360603402,0.0219753918162
4,0.00649988651276,0.000500082969666,0.658947368421,0.814889014963,3,l1,"{'penalty': 'l1', 'C': 3}",1,0.623430962343,0.838983050847,0.694915254237,0.790794979079,0.00150001049042,0.000500082969666,0.0357414330772,0.024094035884
5,0.00199997425079,0.000499963760376,0.652631578947,0.810651726828,3,l2,"{'penalty': 'l2', 'C': 3}",16,0.606694560669,0.830508474576,0.699152542373,0.790794979079,1.19209289551e-07,0.000499963760376,0.0462280688239,0.0198567477484
6,0.00850009918213,0.0,0.656842105263,0.814915608822,4,l1,"{'penalty': 'l1', 'C': 4}",3,0.619246861925,0.843220338983,0.694915254237,0.786610878661,0.00250005722046,0.0,0.0378334415609,0.028304730161
7,0.00199997425079,0.000999927520752,0.654736842105,0.810678320686,4,l2,"{'penalty': 'l2', 'C': 4}",13,0.610878661088,0.834745762712,0.699152542373,0.786610878661,0.00100004673004,0.0,0.0441360603402,0.0240674420254
8,0.00799989700317,0.000499963760376,0.656842105263,0.817007659031,5,l1,"{'penalty': 'l1', 'C': 5}",3,0.619246861925,0.843220338983,0.694915254237,0.790794979079,0.00200009346008,0.000499963760376,0.0378334415609,0.0262126799518
9,0.00200009346008,0.0,0.656842105263,0.812770370896,5,l2,"{'penalty': 'l2', 'C': 5}",3,0.615062761506,0.834745762712,0.699152542373,0.790794979079,0.0,0.0,0.0420440518565,0.0219753918162
10,0.010999917984,0.0,0.656842105263,0.81909970924,6,l1,"{'penalty': 'l1', 'C': 6}",3,0.623430962343,0.843220338983,0.690677966102,0.794979079498,0.00300002098083,0.0,0.0336228312654,0.0241206297426
11,0.00200009346008,0.0,0.656842105263,0.814889014963,6,l2,"{'penalty': 'l2', 'C': 6}",3,0.615062761506,0.838983050847,0.699152542373,0.790794979079,0.0,0.0,0.0420440518565,0.024094035884
12,0.00999999046326,0.000499963760376,0.656842105263,0.82119175945,7,l1,"{'penalty': 'l1', 'C': 7}",3,0.623430962343,0.843220338983,0.690677966102,0.799163179916,0.00200009346008,0.000499963760376,0.0336228312654,0.0220285795334
13,0.00149989128113,0.000500082969666,0.654736842105,0.814889014963,7,l2,"{'penalty': 'l2', 'C': 7}",13,0.615062761506,0.838983050847,0.694915254237,0.790794979079,0.000499963760376,0.000500082969666,0.0399254500446,0.024094035884
14,0.0130000114441,0.000999927520752,0.656842105263,0.825429047585,8,l1,"{'penalty': 'l1', 'C': 8}",3,0.627615062762,0.851694915254,0.686440677966,0.799163179916,0.000999927520752,0.0,0.0294122209698,0.026265867669
15,0.0019998550415,0.0,0.656842105263,0.814889014963,8,l2,"{'penalty': 'l2', 'C': 8}",3,0.615062761506,0.838983050847,0.699152542373,0.790794979079,0.0,0.0,0.0420440518565,0.024094035884
16,0.0145000219345,0.0,0.652631578947,0.827547691653,9,l1,"{'penalty': 'l1', 'C': 9}",16,0.623430962343,0.85593220339,0.682203389831,0.799163179916,0.000500082969666,0.0,0.0293856276416,0.0283845117368
17,0.00150012969971,0.000499963760376,0.656842105263,0.814889014963,9,l2,"{'penalty': 'l2', 'C': 9}",3,0.615062761506,0.838983050847,0.699152542373,0.790794979079,0.000499963760376,0.000499963760376,0.0420440518565,0.024094035884
18,0.0149999856949,0.00100016593933,0.652631578947,0.831784979789,10,l1,"{'penalty': 'l1', 'C': 10}",16,0.623430962343,0.864406779661,0.682203389831,0.799163179916,0.00199997425079,0.0,0.0293856276416,0.0326217998723
19,0.00199997425079,0.0,0.656842105263,0.814889014963,10,l2,"{'penalty': 'l2', 'C': 10}",3,0.615062761506,0.838983050847,0.699152542373,0.790794979079,1.19209289551e-07,0.0,0.0420440518565,0.024094035884
