,mean_fit_time,mean_score_time,mean_test_score,mean_train_score,param_C,param_penalty,params,rank_test_score,split0_test_score,split0_train_score,split1_test_score,split1_train_score,std_fit_time,std_score_time,std_test_score,std_train_score
0,0.00400006771088,0.000499963760376,0.711578947368,0.943222111907,1,l1,"{'penalty': 'l1', 'C': 1}",20,0.669456066946,0.953389830508,0.754237288136,0.933054393305,1.19209289551e-07,0.000499963760376,0.0423897651229,0.0101677186015
1,0.00249993801117,0.000499963760376,0.741052631579,0.945340755975,1,l2,"{'penalty': 'l2', 'C': 1}",16,0.694560669456,0.957627118644,0.78813559322,0.933054393305,0.000500082969666,0.000499963760376,0.0467865287157,0.0122863626693
2,0.00499999523163,0.0,0.722105263158,0.958026026523,2,l1,"{'penalty': 'l1', 'C': 2}",19,0.686192468619,0.978813559322,0.758474576271,0.937238493724,0.00100004673004,0.0,0.036140333,0.0207875327991
3,0.00249993801117,0.00100004673004,0.753684210526,0.945340755975,2,l2,"{'penalty': 'l2', 'C': 2}",7,0.707112970711,0.957627118644,0.800847457627,0.933054393305,0.000500082969666,1.19209289551e-07,0.0468663087002,0.0122863626693
4,0.00699996948242,0.000500082969666,0.736842105263,0.968486277569,3,l1,"{'penalty': 'l1', 'C': 3}",18,0.694560669456,0.978813559322,0.779661016949,0.958158995816,0.0,0.000500082969666,0.042549325092,0.0103272817531
5,0.00300002098083,0.00100004673004,0.753684210526,0.94957804411,3,l2,"{'penalty': 'l2', 'C': 3}",7,0.707112970711,0.966101694915,0.800847457627,0.933054393305,0.0,1.19209289551e-07,0.0468663087002,0.0165236508049
6,0.0074999332428,0.00100004673004,0.741052631579,0.970578327778,4,l1,"{'penalty': 'l1', 'C': 4}",16,0.690376569038,0.978813559322,0.792372881356,0.962343096234,0.00149989128113,1.19209289551e-07,0.0509971390113,0.00823523154386
7,0.00300002098083,0.000499963760376,0.757894736842,0.953788738387,4,l2,"{'penalty': 'l2', 'C': 4}",4,0.71129707113,0.970338983051,0.805084745763,0.937238493724,0.000999927520752,0.000499963760376,0.0468929020284,0.0165502446635
8,0.00800001621246,0.000499963760376,0.743157894737,0.972670377987,5,l1,"{'penalty': 'l1', 'C': 5}",15,0.694560669456,0.978813559322,0.792372881356,0.966527196653,0.00199997425079,0.000499963760376,0.0489051305276,0.00614318133466
9,0.00349998474121,0.000499963760376,0.755789473684,0.960091482874,5,l2,"{'penalty': 'l2', 'C': 5}",6,0.71129707113,0.974576271186,0.800847457627,0.945606694561,0.000499963760376,0.000499963760376,0.0447743002166,0.0144847883129
10,0.00899994373322,0.000499963760376,0.751578947368,0.976854478406,6,l1,"{'penalty': 'l1', 'C': 6}",13,0.707112970711,0.978813559322,0.796610169492,0.97489539749,0.00100004673004,0.000499963760376,0.0447477068884,0.00195908091625
11,0.00300002098083,0.00149989128113,0.753684210526,0.960091482874,6,l2,"{'penalty': 'l2', 'C': 6}",7,0.71129707113,0.974576271186,0.796610169492,0.945606694561,0.0,0.000499963760376,0.0426556984047,0.0144847883129
12,0.00800001621246,0.000999927520752,0.751578947368,0.983183816751,7,l1,"{'penalty': 'l1', 'C': 7}",13,0.707112970711,0.987288135593,0.796610169492,0.979079497908,0.00199997425079,0.0,0.0447477068884,0.00410431884264
13,0.00349998474121,0.00100004673004,0.757894736842,0.962210126941,7,l2,"{'penalty': 'l2', 'C': 7}",4,0.71129707113,0.978813559322,0.805084745763,0.945606694561,0.00150012969971,1.19209289551e-07,0.0468929020284,0.0166034323807
14,0.0115000009537,0.000499963760376,0.753684210526,0.983183816751,8,l1,"{'penalty': 'l1', 'C': 8}",7,0.71129707113,0.987288135593,0.796610169492,0.979079497908,0.00249993801117,0.000499963760376,0.0426556984047,0.00410431884264
15,0.00399994850159,0.000500082969666,0.76,0.964302177151,8,l2,"{'penalty': 'l2', 'C': 8}",2,0.71129707113,0.978813559322,0.809322033898,0.949790794979,0.000999927520752,0.000500082969666,0.0490115038403,0.0145113821715
16,0.0134999752045,0.00100004673004,0.753684210526,0.987394511028,9,l1,"{'penalty': 'l1', 'C': 9}",7,0.71129707113,0.991525423729,0.796610169492,0.983263598326,0.00449991226196,1.19209289551e-07,0.0426556984047,0.00413091270123
17,0.00399994850159,0.000499963760376,0.762105263158,0.964302177151,9,l2,"{'penalty': 'l2', 'C': 9}",1,0.715481171548,0.978813559322,0.809322033898,0.949790794979,0.00200009346008,0.000499963760376,0.0469194953566,0.0145113821715
18,0.0134999752045,0.00100004673004,0.753684210526,0.987394511028,10,l1,"{'penalty': 'l1', 'C': 10}",7,0.71129707113,0.991525423729,0.796610169492,0.983263598326,0.00449991226196,1.19209289551e-07,0.0426556984047,0.00413091270123
19,0.00349998474121,0.000499963760376,0.76,0.964302177151,10,l2,"{'penalty': 'l2', 'C': 10}",2,0.715481171548,0.978813559322,0.805084745763,0.949790794979,0.00149989128113,0.000499963760376,0.0448008935447,0.0145113821715
