,mean_fit_time,mean_score_time,mean_test_score,mean_train_score,param_C,param_penalty,params,rank_test_score,split0_test_score,split0_train_score,split1_test_score,split1_train_score,std_fit_time,std_score_time,std_test_score,std_train_score
0,0.00399994850159,0.000499963760376,0.726315789474,0.884538330615,1,l1,"{'penalty': 'l1', 'C': 1}",20,0.682008368201,0.936440677966,0.771186440678,0.832635983264,0.0,0.000499963760376,0.0445881469193,0.0519023473513
1,0.00300002098083,0.0,0.741052631579,0.884511736756,1,l2,"{'penalty': 'l2', 'C': 1}",10,0.686192468619,0.932203389831,0.796610169492,0.836820083682,0.0,0.0,0.0552077493068,0.0476916530743
2,0.00449991226196,0.000499963760376,0.728421052632,0.907577476775,2,l1,"{'penalty': 'l1', 'C': 2}",17,0.673640167364,0.940677966102,0.783898305085,0.874476987448,0.000499963760376,0.000499963760376,0.0551279693223,0.033100489327
3,0.00300002098083,0.000499963760376,0.751578947368,0.897117225729,2,l2,"{'penalty': 'l2', 'C': 2}",5,0.686192468619,0.940677966102,0.817796610169,0.853556485356,0.0,0.000499963760376,0.0658007583662,0.043560740373
4,0.00799989700317,0.0,0.732631578947,0.924393660024,3,l1,"{'penalty': 'l1', 'C': 3}",15,0.673640167364,0.953389830508,0.792372881356,0.89539748954,0.000999927520752,0.0,0.059365172946,0.0289961704844
5,0.00349998474121,0.000499963760376,0.751578947368,0.907604070633,3,l2,"{'penalty': 'l2', 'C': 3}",5,0.686192468619,0.944915254237,0.817796610169,0.870292887029,0.000499963760376,0.000499963760376,0.0658007583662,0.037311183604
6,0.00699996948242,0.000999927520752,0.736842105263,0.934880504929,4,l1,"{'penalty': 'l1', 'C': 4}",11,0.673640167364,0.957627118644,0.800847457627,0.912133891213,0.000999927520752,0.0,0.0636023765697,0.0227466137153
7,0.00249993801117,0.00100004673004,0.753684210526,0.918090915538,4,l2,"{'penalty': 'l2', 'C': 4}",2,0.686192468619,0.949152542373,0.822033898305,0.887029288703,0.000499844551086,1.19209289551e-07,0.067919360178,0.031061626835
8,0.0104999542236,0.000499963760376,0.736842105263,0.941209843274,5,l1,"{'penalty': 'l1', 'C': 5}",11,0.669456066946,0.966101694915,0.805084745763,0.916317991632,0.00150012969971,0.000499963760376,0.0678129868653,0.0248918516417
9,0.00349998474121,0.000999927520752,0.753684210526,0.918064321679,5,l2,"{'penalty': 'l2', 'C': 5}",2,0.682008368201,0.944915254237,0.826271186441,0.891213389121,0.000499963760376,0.0,0.0721299704736,0.026850932558
10,0.0104999542236,0.000500082969666,0.728421052632,0.94751258776,6,l1,"{'penalty': 'l1', 'C': 6}",17,0.665271966527,0.970338983051,0.792372881356,0.924686192469,0.00250005722046,0.000500082969666,0.0635491899134,0.0228263952911
11,0.00349998474121,0.000500082969666,0.755789473684,0.920156371889,6,l2,"{'penalty': 'l2', 'C': 6}",1,0.682008368201,0.944915254237,0.830508474576,0.89539748954,0.000499963760376,0.000500082969666,0.0742485722855,0.0247588823488
12,0.0090000629425,0.000499963760376,0.728421052632,0.949604637969,7,l1,"{'penalty': 'l1', 'C': 7}",17,0.669456066946,0.970338983051,0.78813559322,0.928870292887,0.0019998550415,0.000499963760376,0.0593385796178,0.0207343450819
13,0.00349998474121,0.000999927520752,0.751578947368,0.920156371889,7,l2,"{'penalty': 'l2', 'C': 7}",5,0.673640167364,0.944915254237,0.830508474576,0.89539748954,0.000499963760376,0.0,0.0784325892528,0.0247588823488
14,0.00899994373322,0.0,0.730526315789,0.951696688178,8,l1,"{'penalty': 'l1', 'C': 8}",16,0.669456066946,0.970338983051,0.792372881356,0.933054393305,0.00199997425079,0.0,0.0614571814297,0.0186422948727
15,0.00399994850159,0.0,0.751578947368,0.920156371889,8,l2,"{'penalty': 'l2', 'C': 8}",5,0.673640167364,0.944915254237,0.830508474576,0.89539748954,0.0,0.0,0.0784325892528,0.0247588823488
16,0.0104999542236,0.00100016593933,0.734736842105,0.953788738387,9,l1,"{'penalty': 'l1', 'C': 9}",14,0.669456066946,0.970338983051,0.800847457627,0.937238493724,0.00250005722046,0.0,0.0656943850534,0.0165502446635
17,0.00400006771088,0.000499963760376,0.751578947368,0.920156371889,9,l2,"{'penalty': 'l2', 'C': 9}",5,0.673640167364,0.944915254237,0.830508474576,0.89539748954,1.19209289551e-07,0.000499963760376,0.0784325892528,0.0247588823488
18,0.0119999647141,0.000499963760376,0.736842105263,0.955880788597,10,l1,"{'penalty': 'l1', 'C': 10}",11,0.669456066946,0.970338983051,0.805084745763,0.941422594142,0.00100004673004,0.000499963760376,0.0678129868653,0.0144581944543
19,0.00400006771088,0.0,0.753684210526,0.924367066166,10,l2,"{'penalty': 'l2', 'C': 10}",2,0.673640167364,0.949152542373,0.834745762712,0.899581589958,0.00100004673004,0.0,0.0805511910647,0.0247854762074
