,mean_fit_time,mean_score_time,mean_test_score,mean_train_score,param_C,param_penalty,params,rank_test_score,split0_test_score,split0_train_score,split1_test_score,split1_train_score,std_fit_time,std_score_time,std_test_score,std_train_score
0,0.00250005722046,0.000499963760376,0.745263157895,0.934694347919,1,l1,"{'penalty': 'l1', 'C': 1}",20,0.690376569038,0.927966101695,0.800847457627,0.941422594142,0.000499963760376,0.000499963760376,0.055234342635,0.00672824622367
1,0.00300002098083,0.000499963760376,0.753684210526,0.934720941777,1,l2,"{'penalty': 'l2', 'C': 1}",19,0.702928870293,0.932203389831,0.805084745763,0.937238493724,0.00100016593933,0.000499963760376,0.0510769189958,0.00251755194667
2,0.00300002098083,0.00100004673004,0.755789473684,0.957866463371,2,l1,"{'penalty': 'l1', 'C': 2}",16,0.707112970711,0.953389830508,0.805084745763,0.962343096234,0.000999927520752,1.19209289551e-07,0.0489849105121,0.00447663286292
3,0.00250005722046,0.000499963760376,0.768421052632,0.953629175236,2,l2,"{'penalty': 'l2', 'C': 2}",11,0.715481171548,0.944915254237,0.822033898305,0.962343096234,0.000499963760376,0.000499963760376,0.0532753007922,0.00871392099851
4,0.005499958992,0.000500082969666,0.755789473684,0.966287851925,3,l1,"{'penalty': 'l1', 'C': 3}",16,0.702928870293,0.96186440678,0.809322033898,0.970711297071,0.00150001049042,0.000500082969666,0.0531955208077,0.00442344514573
5,0.00300002098083,0.000499963760376,0.774736842105,0.96205056379,3,l2,"{'penalty': 'l2', 'C': 3}",8,0.715481171548,0.953389830508,0.834745762712,0.970711297071,0.0,0.000499963760376,0.0596311062278,0.00866073328133
6,0.00599992275238,0.000499963760376,0.755789473684,0.968353308276,4,l1,"{'penalty': 'l1', 'C': 4}",16,0.702928870293,0.957627118644,0.809322033898,0.979079497908,0.00100004673004,0.000499963760376,0.0531955208077,0.0107261896319
7,0.00349998474121,0.000500082969666,0.776842105263,0.966287851925,4,l2,"{'penalty': 'l2', 'C': 4}",7,0.715481171548,0.96186440678,0.838983050847,0.970711297071,0.00150012969971,0.000500082969666,0.0617497080397,0.00442344514573
8,0.00600004196167,0.000499963760376,0.76,0.966261258067,5,l1,"{'penalty': 'l1', 'C': 5}",15,0.707112970711,0.957627118644,0.813559322034,0.97489539749,0.000999927520752,0.000499963760376,0.0532221141359,0.00863413942274
9,0.00249993801117,0.00100004673004,0.783157894737,0.966287851925,5,l2,"{'penalty': 'l2', 'C': 5}",1,0.715481171548,0.96186440678,0.851694915254,0.970711297071,0.000500082969666,1.19209289551e-07,0.0681055134753,0.00442344514573
10,0.00600004196167,0.000499963760376,0.764210526316,0.970471952344,6,l1,"{'penalty': 'l1', 'C': 6}",14,0.71129707113,0.96186440678,0.817796610169,0.979079497908,0.0,0.000499963760376,0.053248707464,0.00860754556414
11,0.00299990177155,0.00100016593933,0.778947368421,0.968379902135,6,l2,"{'penalty': 'l2', 'C': 6}",3,0.715481171548,0.96186440678,0.843220338983,0.97489539749,0.00100004673004,0.0,0.0638683098516,0.00651549535494
12,0.00750005245209,0.000999927520752,0.768421052632,0.972590596412,7,l1,"{'penalty': 'l1', 'C': 7}",11,0.723849372385,0.966101694915,0.813559322034,0.979079497908,0.000500082969666,0.0,0.0448540802011,0.00648890149635
13,0.00450003147125,0.0,0.778947368421,0.966261258067,7,l2,"{'penalty': 'l2', 'C': 7}",3,0.715481171548,0.957627118644,0.843220338983,0.97489539749,0.000500082969666,0.0,0.0638683098516,0.00863413942274
14,0.00900018215179,0.000499963760376,0.768421052632,0.974709240479,8,l1,"{'penalty': 'l1', 'C': 8}",11,0.723849372385,0.970338983051,0.813559322034,0.979079497908,0.00199997425079,0.000499963760376,0.0448540802011,0.00437025742855
15,0.00349998474121,0.000499963760376,0.778947368421,0.966261258067,8,l2,"{'penalty': 'l2', 'C': 8}",3,0.715481171548,0.957627118644,0.843220338983,0.97489539749,0.000499963760376,0.000499963760376,0.0638683098516,0.00863413942274
16,0.0104999542236,0.000499963760376,0.770526315789,0.976801290689,9,l1,"{'penalty': 'l1', 'C': 9}",9,0.723849372385,0.970338983051,0.817796610169,0.983263598326,0.00250005722046,0.000499963760376,0.046972682013,0.00646230763776
17,0.00449991226196,0.0,0.781052631579,0.966261258067,9,l2,"{'penalty': 'l2', 'C': 9}",2,0.723849372385,0.957627118644,0.838983050847,0.97489539749,0.000499963760376,0.0,0.0575656910723,0.00863413942274
18,0.0134999752045,0.0,0.770526315789,0.978893340898,10,l1,"{'penalty': 'l1', 'C': 10}",9,0.732217573222,0.970338983051,0.809322033898,0.987447698745,0.00250005722046,0.0,0.0385514614219,0.00855435784696
19,0.00450003147125,0.0,0.778947368421,0.966261258067,10,l2,"{'penalty': 'l2', 'C': 10}",3,0.723849372385,0.957627118644,0.834745762712,0.97489539749,0.000500082969666,0.0,0.0554470892605,0.00863413942274
