,mean_fit_time,mean_score_time,mean_test_score,mean_train_score,param_C,param_penalty,params,rank_test_score,split0_test_score,split0_train_score,split1_test_score,split1_train_score,std_fit_time,std_score_time,std_test_score,std_train_score
0,0.00250005722046,0.000499963760376,0.764210526316,0.92012977803,1,l1,"{'penalty': 'l1', 'C': 1}",13,0.719665271967,0.940677966102,0.809322033898,0.899581589958,0.000499963760376,0.000499963760376,0.0448274868729,0.0205481880718
1,0.0035001039505,0.0,0.764210526316,0.905299269555,1,l2,"{'penalty': 'l2', 'C': 1}",13,0.71129707113,0.911016949153,0.817796610169,0.899581589958,0.000500082969666,0.0,0.053248707464,0.00571767959719
2,0.00450003147125,0.000499963760376,0.766315789474,0.941156655556,2,l1,"{'penalty': 'l1', 'C': 2}",11,0.728033472803,0.957627118644,0.805084745763,0.924686192469,0.000499844551086,0.000499963760376,0.0385248680937,0.0164704630877
3,0.0035001039505,0.0,0.764210526316,0.920049996454,2,l2,"{'penalty': 'l2', 'C': 2}",13,0.719665271967,0.927966101695,0.809322033898,0.912133891213,0.000500082969666,0.0,0.0448274868729,0.00791610524076
4,0.00450003147125,0.000999927520752,0.764210526316,0.947406212325,3,l1,"{'penalty': 'l1', 'C': 3}",13,0.73640167364,0.953389830508,0.792372881356,0.941422594142,0.000500082969666,0.0,0.0279850456907,0.00598361818311
5,0.00400006771088,0.000500082969666,0.762105263158,0.932708673144,3,l2,"{'penalty': 'l2', 'C': 3}",20,0.719665271967,0.944915254237,0.805084745763,0.92050209205,0.00100004673004,0.000500082969666,0.042708885061,0.0122065810935
6,0.00700008869171,0.000999927520752,0.768421052632,0.95167009432,4,l1,"{'penalty': 'l1', 'C': 4}",7,0.73640167364,0.966101694915,0.800847457627,0.937238493724,0.00100004673004,0.0,0.0322222493144,0.0144316005957
7,0.00349998474121,0.000499963760376,0.768421052632,0.934827317212,4,l2,"{'penalty': 'l2', 'C': 4}",7,0.723849372385,0.949152542373,0.813559322034,0.92050209205,0.000499963760376,0.000499963760376,0.0448540802011,0.0143252251613
8,0.00699996948242,0.0,0.774736842105,0.951696688178,5,l1,"{'penalty': 'l1', 'C': 5}",3,0.73640167364,0.970338983051,0.813559322034,0.933054393305,0.0,0.0,0.03857805475,0.0186422948727
9,0.00349998474121,0.000499963760376,0.766315789474,0.941130061698,5,l2,"{'penalty': 'l2', 'C': 5}",11,0.723849372385,0.953389830508,0.809322033898,0.928870292887,0.000499963760376,0.000499963760376,0.0427354783892,0.0122597688107
10,0.00899994373322,0.00100004673004,0.770526315789,0.951696688178,6,l1,"{'penalty': 'l1', 'C': 6}",6,0.728033472803,0.970338983051,0.813559322034,0.933054393305,0.00300014019012,1.19209289551e-07,0.0427620717174,0.0186422948727
11,0.00349998474121,0.0,0.764210526316,0.945314162116,6,l2,"{'penalty': 'l2', 'C': 6}",13,0.723849372385,0.953389830508,0.805084745763,0.937238493724,0.000499963760376,0.0,0.0406168765774,0.00807566839231
12,0.0110000371933,0.000999927520752,0.774736842105,0.953788738387,7,l1,"{'penalty': 'l1', 'C': 7}",3,0.732217573222,0.970338983051,0.817796610169,0.937238493724,0.00400006771088,0.0,0.0427886650456,0.0165502446635
13,0.00299990177155,0.00100004673004,0.768421052632,0.947432806184,7,l2,"{'penalty': 'l2', 'C': 7}",7,0.723849372385,0.957627118644,0.813559322034,0.937238493724,0.00100004673004,1.19209289551e-07,0.0448540802011,0.0101943124601
14,0.0110001564026,0.000499963760376,0.774736842105,0.955907382455,8,l1,"{'penalty': 'l1', 'C': 8}",3,0.732217573222,0.974576271186,0.817796610169,0.937238493724,0.00300002098083,0.000499963760376,0.0427886650456,0.0186688887313
15,0.00349998474121,0.000499963760376,0.764210526316,0.949524856393,8,l2,"{'penalty': 'l2', 'C': 8}",13,0.719665271967,0.957627118644,0.809322033898,0.941422594142,0.000499963760376,0.000499963760376,0.0448274868729,0.0081022622509
16,0.0120000839233,0.0,0.776842105263,0.958026026523,9,l1,"{'penalty': 'l1', 'C': 9}",2,0.732217573222,0.978813559322,0.822033898305,0.937238493724,0.00300002098083,0.0,0.0449072668575,0.0207875327991
17,0.00399994850159,0.00100004673004,0.764210526316,0.951616906602,9,l2,"{'penalty': 'l2', 'C': 9}",13,0.719665271967,0.957627118644,0.809322033898,0.945606694561,0.000999927520752,1.19209289551e-07,0.0448274868729,0.0060102120417
18,0.0130000114441,0.0,0.778947368421,0.958026026523,10,l1,"{'penalty': 'l1', 'C': 10}",1,0.732217573222,0.978813559322,0.826271186441,0.937238493724,0.00399994850159,0.0,0.0470258686693,0.0207875327991
19,0.00400006771088,0.000499963760376,0.768421052632,0.951616906602,10,l2,"{'penalty': 'l2', 'C': 10}",7,0.723849372385,0.957627118644,0.813559322034,0.945606694561,0.00100004673004,0.000499963760376,0.0448540802011,0.0060102120417
