,mean_fit_time,mean_score_time,mean_test_score,mean_train_score,param_C,param_penalty,params,rank_test_score,split0_test_score,split0_train_score,split1_test_score,split1_train_score,std_fit_time,std_score_time,std_test_score,std_train_score
0,0.00300002098083,0.00100004673004,0.717894736842,0.918037727821,1,l1,"{'penalty': 'l1', 'C': 1}",20,0.690376569038,0.940677966102,0.745762711864,0.89539748954,0.0,1.19209289551e-07,0.0276925190807,0.022640238281
1,0.00250005722046,0.000999927520752,0.755789473684,0.922248422098,1,l2,"{'penalty': 'l2', 'C': 1}",14,0.71129707113,0.944915254237,0.800847457627,0.899581589958,0.000499963760376,0.0,0.0447743002166,0.0226668321396
2,0.005499958992,0.000499963760376,0.738947368421,0.939117793064,2,l1,"{'penalty': 'l1', 'C': 2}",19,0.698744769874,0.966101694915,0.779661016949,0.912133891213,0.00150001049042,0.000499963760376,0.0404573166083,0.0269839018509
3,0.00250005722046,0.000499963760376,0.76,0.93278845472,2,l2,"{'penalty': 'l2', 'C': 2}",11,0.71129707113,0.957627118644,0.809322033898,0.907949790795,0.000499963760376,0.000499963760376,0.0490115038403,0.0248386639245
4,0.00450003147125,0.00100004673004,0.749473684211,0.951696688178,3,l1,"{'penalty': 'l1', 'C': 3}",17,0.707112970711,0.970338983051,0.792372881356,0.933054393305,0.000500082969666,1.19209289551e-07,0.0426291050765,0.0186422948727
5,0.00299990177155,0.000500082969666,0.774736842105,0.939064605347,3,l2,"{'penalty': 'l2', 'C': 3}",8,0.719665271967,0.957627118644,0.830508474576,0.92050209205,0.00100004673004,0.000500082969666,0.0554204959323,0.0185625132969
6,0.00800001621246,0.000499963760376,0.755789473684,0.960091482874,4,l1,"{'penalty': 'l1', 'C': 4}",14,0.71129707113,0.974576271186,0.800847457627,0.945606694561,0.00299990177155,0.000499963760376,0.0447743002166,0.0144847883129
7,0.00349998474121,0.000999927520752,0.781052631579,0.947485993901,4,l2,"{'penalty': 'l2', 'C': 4}",4,0.728033472803,0.966101694915,0.834745762712,0.928870292887,0.000499963760376,0.0,0.0533550807768,0.0186157010141
8,0.0074999332428,0.0,0.762105263158,0.962210126941,5,l1,"{'penalty': 'l1', 'C': 5}",9,0.715481171548,0.978813559322,0.809322033898,0.945606694561,0.00250005722046,0.0,0.0469194953566,0.0166034323807
9,0.00300002098083,0.000999927520752,0.776842105263,0.951696688178,5,l2,"{'penalty': 'l2', 'C': 5}",7,0.719665271967,0.970338983051,0.834745762712,0.933054393305,0.0,0.0,0.0575390977441,0.0186422948727
10,0.0115000009537,0.000499963760376,0.762105263158,0.964302177151,6,l1,"{'penalty': 'l1', 'C': 6}",9,0.719665271967,0.978813559322,0.805084745763,0.949790794979,0.005499958992,0.000499963760376,0.042708885061,0.0145113821715
11,0.00300002098083,0.000499963760376,0.778947368421,0.951696688178,6,l2,"{'penalty': 'l2', 'C': 6}",5,0.719665271967,0.970338983051,0.838983050847,0.933054393305,0.0,0.000499963760376,0.059657699556,0.0186422948727
12,0.0090000629425,0.000999927520752,0.757894736842,0.970604921637,7,l1,"{'penalty': 'l1', 'C': 7}",13,0.715481171548,0.983050847458,0.800847457627,0.958158995816,0.00300002098083,0.0,0.0426822917329,0.0124459258209
13,0.0035001039505,0.0,0.778947368421,0.951696688178,7,l2,"{'penalty': 'l2', 'C': 7}",5,0.719665271967,0.970338983051,0.838983050847,0.933054393305,0.000500082969666,0.0,0.059657699556,0.0186422948727
14,0.0110000371933,0.000499963760376,0.76,0.972696971846,8,l1,"{'penalty': 'l1', 'C': 8}",11,0.715481171548,0.983050847458,0.805084745763,0.962343096234,0.00100004673004,0.000499963760376,0.0448008935447,0.0103538756117
15,0.00300002098083,0.000499963760376,0.783157894737,0.955880788597,8,l2,"{'penalty': 'l2', 'C': 8}",1,0.723849372385,0.970338983051,0.843220338983,0.941422594142,0.000999927520752,0.000499963760376,0.0596842928842,0.0144581944543
16,0.0145000219345,0.000499963760376,0.751578947368,0.972696971846,9,l1,"{'penalty': 'l1', 'C': 9}",16,0.707112970711,0.983050847458,0.796610169492,0.962343096234,0.00750005245209,0.000499963760376,0.0447477068884,0.0103538756117
17,0.00400006771088,0.000499963760376,0.783157894737,0.957972838806,9,l2,"{'penalty': 'l2', 'C': 9}",1,0.723849372385,0.970338983051,0.843220338983,0.945606694561,0.00100004673004,0.000499963760376,0.0596842928842,0.0123661442451
18,0.0140000581741,0.00100004673004,0.749473684211,0.972696971846,10,l1,"{'penalty': 'l1', 'C': 10}",17,0.71129707113,0.983050847458,0.78813559322,0.962343096234,0.00800001621246,1.19209289551e-07,0.0384184947809,0.0103538756117
19,0.00450003147125,0.000499963760376,0.783157894737,0.957972838806,10,l2,"{'penalty': 'l2', 'C': 10}",1,0.723849372385,0.970338983051,0.843220338983,0.945606694561,0.00150001049042,0.000499963760376,0.0596842928842,0.0123661442451
