,mean_fit_time,mean_score_time,mean_test_score,mean_train_score,param_C,param_penalty,params,rank_test_score,split0_test_score,split0_train_score,split1_test_score,split1_train_score,std_fit_time,std_score_time,std_test_score,std_train_score
0,0.00349998474121,0.00100016593933,0.728421052632,0.909456776115,1,l1,"{'penalty': 'l1', 'C': 1}",20,0.65690376569,0.906779661017,0.800847457627,0.912133891213,0.000499963760376,0.0,0.0719704105045,0.00267711509822
1,0.00200009346008,0.000499963760376,0.747368421053,0.91578611446,1,l2,"{'penalty': 'l2', 'C': 1}",12,0.694560669456,0.915254237288,0.800847457627,0.916317991632,0.000999927520752,0.000499963760376,0.0531423341513,0.000531877171832
2,0.00550007820129,0.000499963760376,0.732631578947,0.930457059783,2,l1,"{'penalty': 'l1', 'C': 2}",19,0.661087866109,0.919491525424,0.805084745763,0.941422594142,0.000499963760376,0.000499963760376,0.0719970038327,0.0109655343593
3,0.0035001039505,0.000499963760376,0.757894736842,0.924180909155,2,l2,"{'penalty': 'l2', 'C': 2}",1,0.702928870293,0.919491525424,0.813559322034,0.928870292887,0.000500082969666,0.000499963760376,0.0553141226195,0.00468938373165
4,0.00600004196167,0.000499963760376,0.741052631579,0.938851854478,3,l1,"{'penalty': 'l1', 'C': 3}",15,0.669456066946,0.923728813559,0.813559322034,0.953974895397,0.00200009346008,0.000499963760376,0.072050190489,0.0151230409191
5,0.00299990177155,0.00100004673004,0.755789473684,0.930483653642,3,l2,"{'penalty': 'l2', 'C': 3}",2,0.698744769874,0.923728813559,0.813559322034,0.937238493724,0.00100004673004,0.00100004673004,0.0574061311032,0.00675484008226
6,0.0074999332428,0.000500082969666,0.738947368421,0.945154598965,4,l1,"{'penalty': 'l1', 'C': 4}",17,0.669456066946,0.927966101695,0.809322033898,0.962343096234,0.000499963760376,0.000500082969666,0.0699315886772,0.0171884972697
7,0.00349998474121,0.00100004673004,0.749473684211,0.934694347919,4,l2,"{'penalty': 'l2', 'C': 4}",8,0.694560669456,0.927966101695,0.805084745763,0.941422594142,0.000499963760376,1.19209289551e-07,0.0552609359632,0.00672824622367
8,0.00699996948242,0.0,0.741052631579,0.955694631586,5,l1,"{'penalty': 'l1', 'C': 5}",15,0.677824267782,0.940677966102,0.805084745763,0.970711297071,0.000999927520752,0.0,0.0636289698979,0.0150166654847
9,0.00399994850159,0.00150001049042,0.751578947368,0.936786398128,5,l2,"{'penalty': 'l2', 'C': 5}",4,0.698744769874,0.927966101695,0.805084745763,0.945606694561,0.000999927520752,0.000500082969666,0.0531689274795,0.00882029643288
10,0.0074999332428,0.0,0.738947368421,0.959878732005,6,l1,"{'penalty': 'l1', 'C': 6}",17,0.673640167364,0.940677966102,0.805084745763,0.979079497908,0.000499963760376,0.0,0.0657209783816,0.0192007659031
11,0.00349998474121,0.000500082969666,0.749473684211,0.938905042196,6,l2,"{'penalty': 'l2', 'C': 6}",8,0.698744769874,0.932203389831,0.800847457627,0.945606694561,0.000499963760376,0.000500082969666,0.0510503256676,0.00670165236508
12,0.00950002670288,0.000499963760376,0.747368421053,0.961997376073,7,l1,"{'penalty': 'l1', 'C': 7}",12,0.690376569038,0.944915254237,0.805084745763,0.979079497908,0.00149989128113,0.000499963760376,0.0573529444469,0.0170821218353
13,0.0035001039505,0.000499963760376,0.749473684211,0.943089142614,7,l2,"{'penalty': 'l2', 'C': 7}",8,0.698744769874,0.932203389831,0.800847457627,0.953974895397,0.000500082969666,0.000499963760376,0.0510503256676,0.0108857527835
14,0.010999917984,0.00100004673004,0.753684210526,0.96411602014,8,l1,"{'penalty': 'l1', 'C': 8}",3,0.690376569038,0.949152542373,0.817796610169,0.979079497908,0.00500011444092,1.19209289551e-07,0.0637087498825,0.0149634777675
15,0.00300002098083,0.000499963760376,0.751578947368,0.947299836891,8,l2,"{'penalty': 'l2', 'C': 8}",4,0.702928870293,0.936440677966,0.800847457627,0.958158995816,0.000999927520752,0.000499963760376,0.0489583171839,0.0108591589249
16,0.0125000476837,0.000999927520752,0.745263157895,0.96411602014,9,l1,"{'penalty': 'l1', 'C': 9}",14,0.673640167364,0.949152542373,0.817796610169,0.979079497908,0.00349998474121,0.0,0.0720767838172,0.0149634777675
17,0.00349998474121,0.000499963760376,0.751578947368,0.947299836891,9,l2,"{'penalty': 'l2', 'C': 9}",4,0.702928870293,0.936440677966,0.800847457627,0.958158995816,0.000499963760376,0.000499963760376,0.0489583171839,0.0108591589249
18,0.0100001096725,0.000999927520752,0.749473684211,0.961997376073,10,l1,"{'penalty': 'l1', 'C': 10}",8,0.677824267782,0.944915254237,0.822033898305,0.979079497908,0.00199997425079,0.0,0.0721033771454,0.0170821218353
19,0.00399994850159,0.00100004673004,0.751578947368,0.9493918871,10,l2,"{'penalty': 'l2', 'C': 10}",4,0.702928870293,0.936440677966,0.800847457627,0.962343096234,0.000999927520752,1.19209289551e-07,0.0489583171839,0.0129512091341
