,mean_fit_time,mean_score_time,mean_test_score,mean_train_score,param_C,param_penalty,params,rank_test_score,split0_test_score,split0_train_score,split1_test_score,split1_train_score,std_fit_time,std_score_time,std_test_score,std_train_score
0,0.00300002098083,0.000499963760376,0.736842105263,0.922221828239,1,l1,"{'penalty': 'l1', 'C': 1}",9,0.677824267782,0.940677966102,0.796610169492,0.903765690377,0.0,0.000499963760376,0.0593917662742,0.0184561378626
1,0.00199997425079,0.000999927520752,0.747368421053,0.932682079285,1,l2,"{'penalty': 'l2', 'C': 1}",4,0.686192468619,0.940677966102,0.809322033898,0.924686192469,0.00100004673004,0.0,0.0615635547424,0.00799588681654
2,0.00399994850159,0.000500082969666,0.747368421053,0.953762144529,2,l1,"{'penalty': 'l1', 'C': 2}",4,0.694560669456,0.966101694915,0.800847457627,0.941422594142,0.0,0.000500082969666,0.0531423341513,0.0123395503865
3,0.00299990177155,0.0,0.749473684211,0.932682079285,2,l2,"{'penalty': 'l2', 'C': 2}",2,0.690376569038,0.940677966102,0.809322033898,0.924686192469,0.00100004673004,0.0,0.0594715462587,0.00799588681654
4,0.00499999523163,0.000999927520752,0.751578947368,0.957972838806,3,l1,"{'penalty': 'l1', 'C': 3}",1,0.698744769874,0.970338983051,0.805084745763,0.945606694561,0.00100004673004,0.0,0.0531689274795,0.0123661442451
5,0.00249993801117,0.000500082969666,0.747368421053,0.936919367421,3,l2,"{'penalty': 'l2', 'C': 3}",4,0.686192468619,0.949152542373,0.809322033898,0.924686192469,0.000499844551086,0.000500082969666,0.0615635547424,0.0122331749521
6,0.00699996948242,0.000499963760376,0.749473684211,0.957972838806,4,l1,"{'penalty': 'l1', 'C': 4}",2,0.686192468619,0.970338983051,0.813559322034,0.945606694561,0.000999927520752,0.000499963760376,0.0636821565543,0.0123661442451
7,0.00249993801117,0.000500082969666,0.745263157895,0.945340755975,4,l2,"{'penalty': 'l2', 'C': 4}",7,0.682008368201,0.957627118644,0.809322033898,0.933054393305,0.000500082969666,0.000500082969666,0.0636555632261,0.0122863626693
8,0.00750005245209,0.0,0.734736842105,0.962156939224,5,l1,"{'penalty': 'l1', 'C': 5}",10,0.665271966527,0.970338983051,0.805084745763,0.953974895397,0.000500082969666,0.0,0.069904995349,0.00818204382668
9,0.00300002098083,0.0,0.738947368421,0.945340755975,5,l2,"{'penalty': 'l2', 'C': 5}",8,0.669456066946,0.957627118644,0.809322033898,0.933054393305,0.000999927520752,0.0,0.0699315886772,0.0122863626693
10,0.00849997997284,0.000499963760376,0.732631578947,0.96639422736,6,l1,"{'penalty': 'l1', 'C': 6}",11,0.661087866109,0.978813559322,0.805084745763,0.953974895397,0.000500082969666,0.000499963760376,0.0719970038327,0.0124193319623
11,0.00349998474121,0.000499963760376,0.732631578947,0.945340755975,6,l2,"{'penalty': 'l2', 'C': 6}",11,0.665271966527,0.957627118644,0.800847457627,0.933054393305,0.000499963760376,0.000499963760376,0.0677863935371,0.0122863626693
12,0.00950002670288,0.000499963760376,0.728421052632,0.970604921637,7,l1,"{'penalty': 'l1', 'C': 7}",14,0.65690376569,0.983050847458,0.800847457627,0.958158995816,0.000499963760376,0.000499963760376,0.0719704105045,0.0124459258209
13,0.00299990177155,0.00100016593933,0.717894736842,0.949551450252,7,l2,"{'penalty': 'l2', 'C': 7}",17,0.635983263598,0.96186440678,0.800847457627,0.937238493724,0.00100004673004,0.0,0.0824304529229,0.0123129565279
14,0.0120000839233,0.000499963760376,0.726315789474,0.972723565705,8,l1,"{'penalty': 'l1', 'C': 8}",16,0.65690376569,0.987288135593,0.796610169492,0.958158995816,0.00200009346008,0.000499963760376,0.0698518086926,0.0145645698887
15,0.00349986553192,0.00100004673004,0.713684210526,0.951643500461,8,l2,"{'penalty': 'l2', 'C': 8}",18,0.63179916318,0.96186440678,0.796610169492,0.941422594142,0.000500082969666,1.19209289551e-07,0.0824038595948,0.0102209063187
16,0.0134999752045,0.000499963760376,0.732631578947,0.976934259982,9,l1,"{'penalty': 'l1', 'C': 9}",11,0.661087866109,0.991525423729,0.805084745763,0.962343096234,0.00250005722046,0.000499963760376,0.0719970038327,0.0145911637473
17,0.00399994850159,0.0,0.713684210526,0.951643500461,9,l2,"{'penalty': 'l2', 'C': 9}",18,0.63179916318,0.96186440678,0.796610169492,0.941422594142,0.00100016593933,0.0,0.0824038595948,0.0102209063187
18,0.0134999752045,0.000500082969666,0.728421052632,0.979026310191,10,l1,"{'penalty': 'l1', 'C': 10}",14,0.661087866109,0.991525423729,0.796610169492,0.966527196653,0.00449991226196,0.000500082969666,0.0677598002089,0.012499113538
19,0.00399994850159,0.00100004673004,0.713684210526,0.955880788597,10,l2,"{'penalty': 'l2', 'C': 10}",18,0.63179916318,0.970338983051,0.796610169492,0.941422594142,0.000999927520752,1.19209289551e-07,0.0824038595948,0.0144581944543
