,mean_fit_time,mean_score_time,mean_test_score,mean_train_score,param_C,param_penalty,params,rank_test_score,split0_test_score,split0_train_score,split1_test_score,split1_train_score,std_fit_time,std_score_time,std_test_score,std_train_score
0,0.00300002098083,0.000499963760376,0.736842105263,0.941130061698,1,l1,"{'penalty': 'l1', 'C': 1}",20,0.677824267782,0.953389830508,0.796610169492,0.928870292887,0.000999927520752,0.000499963760376,0.0593917662742,0.0122597688107
1,0.00300002098083,0.0,0.755789473684,0.936892773562,1,l2,"{'penalty': 'l2', 'C': 1}",19,0.694560669456,0.944915254237,0.817796610169,0.928870292887,0.0,0.0,0.0616167413988,0.00802248067513
2,0.00400006771088,0.000999927520752,0.762105263158,0.949498262535,2,l1,"{'penalty': 'l1', 'C': 2}",13,0.690376569038,0.953389830508,0.834745762712,0.945606694561,0.00100004673004,0.0,0.07218315713,0.0038915679739
3,0.00349998474121,0.0,0.762105263158,0.943222111907,2,l2,"{'penalty': 'l2', 'C': 2}",13,0.694560669456,0.953389830508,0.830508474576,0.933054393305,0.000500202178955,0.0,0.0679725468344,0.0101677186015
4,0.00650000572205,0.00100004673004,0.757894736842,0.957866463371,3,l1,"{'penalty': 'l1', 'C': 3}",17,0.682008368201,0.953389830508,0.834745762712,0.962343096234,0.00149989128113,1.19209289551e-07,0.0763671740973,0.00447663286292
5,0.00349998474121,0.000500082969666,0.764210526316,0.943222111907,3,l2,"{'penalty': 'l2', 'C': 3}",9,0.698744769874,0.953389830508,0.830508474576,0.933054393305,0.000499963760376,0.000500082969666,0.0658805383507,0.0101677186015
6,0.0090000629425,0.000999927520752,0.757894736842,0.964195801716,4,l1,"{'penalty': 'l1', 'C': 4}",17,0.686192468619,0.96186440678,0.830508474576,0.966527196653,0.00300002098083,0.0,0.0721565638018,0.00233139493653
7,0.00349998474121,0.000499963760376,0.76,0.947432806184,4,l2,"{'penalty': 'l2', 'C': 4}",16,0.686192468619,0.957627118644,0.834745762712,0.937238493724,0.000500202178955,0.000499963760376,0.0742751656136,0.0101943124601
8,0.00949990749359,0.0,0.764210526316,0.964195801716,5,l1,"{'penalty': 'l1', 'C': 5}",9,0.690376569038,0.96186440678,0.838983050847,0.966527196653,0.00450003147125,0.0,0.0743017589418,0.00233139493653
9,0.00349998474121,0.000499963760376,0.764210526316,0.951643500461,5,l2,"{'penalty': 'l2', 'C': 5}",9,0.686192468619,0.96186440678,0.843220338983,0.941422594142,0.000499963760376,0.000499963760376,0.0785123692374,0.0102209063187
10,0.0115000009537,0.00100004673004,0.766315789474,0.966314445784,6,l1,"{'penalty': 'l1', 'C': 6}",4,0.690376569038,0.966101694915,0.843220338983,0.966527196653,0.00249993801117,1.19209289551e-07,0.0764203607537,0.000212750868733
11,0.00300002098083,0.000499963760376,0.768421052632,0.951643500461,6,l2,"{'penalty': 'l2', 'C': 6}",2,0.686192468619,0.96186440678,0.851694915254,0.941422594142,0.0,0.000499963760376,0.0827495728611,0.0102209063187
12,0.0100001096725,0.00149989128113,0.766315789474,0.966314445784,7,l1,"{'penalty': 'l1', 'C': 7}",4,0.694560669456,0.966101694915,0.838983050847,0.966527196653,0.00499999523163,0.000499963760376,0.0722097504581,0.000212750868733
13,0.00299990177155,0.000500082969666,0.770526315789,0.955854194738,7,l2,"{'penalty': 'l2', 'C': 7}",1,0.686192468619,0.966101694915,0.85593220339,0.945606694561,0.00100004673004,0.000500082969666,0.084868174673,0.0102475001773
14,0.012500166893,0.000499963760376,0.762105263158,0.966314445784,8,l1,"{'penalty': 'l1', 'C': 8}",13,0.690376569038,0.966101694915,0.834745762712,0.966527196653,0.005499958992,0.000499963760376,0.07218315713,0.000212750868733
15,0.0035001039505,0.000999927520752,0.768421052632,0.957946244947,8,l2,"{'penalty': 'l2', 'C': 8}",2,0.686192468619,0.966101694915,0.851694915254,0.949790794979,0.000500082969666,0.0,0.0827495728611,0.00815544996809
16,0.0120000839233,0.000999927520752,0.764210526316,0.966314445784,9,l1,"{'penalty': 'l1', 'C': 9}",9,0.690376569038,0.966101694915,0.838983050847,0.966527196653,0.00699996948242,0.0,0.0743017589418,0.000212750868733
17,0.0035001039505,0.000499963760376,0.766315789474,0.962130345366,9,l2,"{'penalty': 'l2', 'C': 9}",4,0.682008368201,0.966101694915,0.851694915254,0.958158995816,0.000500082969666,0.000499963760376,0.0848415813448,0.00397134954968
18,0.0149999856949,0.000500082969666,0.766315789474,0.968406495993,10,l1,"{'penalty': 'l1', 'C': 10}",4,0.690376569038,0.966101694915,0.843220338983,0.970711297071,0.00600016117096,0.000500082969666,0.0764203607537,0.00230480107794
19,0.00450003147125,0.000499963760376,0.766315789474,0.964222395575,10,l2,"{'penalty': 'l2', 'C': 10}",4,0.682008368201,0.966101694915,0.851694915254,0.962343096234,0.000500082969666,0.000499963760376,0.0848415813448,0.00187929934047
