,mean_fit_time,mean_score_time,mean_test_score,mean_train_score,param_C,param_penalty,params,rank_test_score,split0_test_score,split0_train_score,split1_test_score,split1_train_score,std_fit_time,std_score_time,std_test_score,std_train_score
0,0.00349998474121,0.0,0.665263157895,0.897117225729,1,l1,"{'penalty': 'l1', 'C': 1}",20,0.623430962343,0.940677966102,0.707627118644,0.853556485356,0.000499963760376,0.0,0.0420972385129,0.043560740373
1,0.00250005722046,0.000499963760376,0.709473684211,0.899235869796,1,l2,"{'penalty': 'l2', 'C': 1}",18,0.640167364017,0.944915254237,0.779661016949,0.853556485356,0.000499963760376,0.000499963760376,0.0697454353799,0.0456793844408
2,0.00449991226196,0.00100004673004,0.698947368421,0.920209559606,2,l1,"{'penalty': 'l1', 'C': 2}",19,0.640167364017,0.953389830508,0.758474576271,0.887029288703,0.000499963760376,1.19209289551e-07,0.0591524263205,0.0331802709028
3,0.00300002098083,0.000499963760376,0.72,0.913906815119,2,l2,"{'penalty': 'l2', 'C': 2}",16,0.648535564854,0.949152542373,0.792372881356,0.878661087866,0.0,0.000499963760376,0.0719172238481,0.0352457272534
4,0.00699996948242,0.000999927520752,0.715789473684,0.936972555138,3,l1,"{'penalty': 'l1', 'C': 3}",17,0.661087866109,0.957627118644,0.771186440678,0.916317991632,0.000999927520752,0.0,0.0550481893377,0.0206545635061
5,0.00300002098083,0.000499963760376,0.726315789474,0.924367066166,3,l2,"{'penalty': 'l2', 'C': 3}",13,0.648535564854,0.949152542373,0.805084745763,0.899581589958,0.0,0.000499963760376,0.0782730292837,0.0247854762074
6,0.00849997997284,0.000500082969666,0.722105263158,0.943275299624,4,l1,"{'penalty': 'l1', 'C': 4}",15,0.673640167364,0.96186440678,0.771186440678,0.924686192469,0.000500082969666,0.000500082969666,0.0487721638867,0.0185891071555
7,0.00300002098083,0.000999927520752,0.732631578947,0.93069640451,4,l2,"{'penalty': 'l2', 'C': 4}",12,0.652719665272,0.957627118644,0.813559322034,0.903765690377,0.000999927520752,0.0,0.0804182244238,0.0269307141337
8,0.010999917984,0.00100004673004,0.726315789474,0.947485993901,5,l1,"{'penalty': 'l1', 'C': 5}",13,0.682008368201,0.966101694915,0.771186440678,0.928870292887,0.0,1.19209289551e-07,0.0445881469193,0.0186157010141
9,0.00300002098083,0.000999927520752,0.736842105263,0.93278845472,5,l2,"{'penalty': 'l2', 'C': 5}",9,0.65690376569,0.957627118644,0.817796610169,0.907949790795,0.0,0.0,0.080444817752,0.0248386639245
10,0.0120000839233,0.000499963760376,0.736842105263,0.951696688178,6,l1,"{'penalty': 'l1', 'C': 6}",9,0.686192468619,0.970338983051,0.78813559322,0.933054393305,0.0,0.000499963760376,0.0509705456831,0.0186422948727
11,0.00300002098083,0.00100004673004,0.743157894737,0.93278845472,6,l2,"{'penalty': 'l2', 'C': 6}",3,0.665271966527,0.957627118644,0.822033898305,0.907949790795,0.0,1.19209289551e-07,0.0783794025965,0.0248386639245
12,0.0154999494553,0.00100004673004,0.738947368421,0.953815332246,7,l1,"{'penalty': 'l1', 'C': 7}",8,0.686192468619,0.974576271186,0.792372881356,0.933054393305,0.00249993801117,1.19209289551e-07,0.0530891474949,0.0207609389405
13,0.0035001039505,0.000499963760376,0.745263157895,0.934880504929,7,l2,"{'penalty': 'l2', 'C': 7}",1,0.665271966527,0.957627118644,0.826271186441,0.912133891213,0.000500082969666,0.000499963760376,0.0804980044083,0.0227466137153
14,0.0130000114441,0.000999927520752,0.741052631579,0.957999432664,8,l1,"{'penalty': 'l1', 'C': 8}",6,0.686192468619,0.974576271186,0.796610169492,0.941422594142,0.00300002098083,0.0,0.0552077493068,0.0165768385221
15,0.00400006771088,0.000999927520752,0.743157894737,0.934880504929,8,l2,"{'penalty': 'l2', 'C': 8}",3,0.665271966527,0.957627118644,0.822033898305,0.912133891213,0.00100004673004,0.0,0.0783794025965,0.0227466137153
16,0.016499876976,0.000499963760376,0.736842105263,0.957999432664,9,l1,"{'penalty': 'l1', 'C': 9}",9,0.682008368201,0.974576271186,0.792372881356,0.941422594142,0.00450003147125,0.000499963760376,0.0551811559786,0.0165768385221
17,0.00349998474121,0.000999927520752,0.743157894737,0.934880504929,9,l2,"{'penalty': 'l2', 'C': 9}",3,0.665271966527,0.957627118644,0.822033898305,0.912133891213,0.000499963760376,0.0,0.0783794025965,0.0227466137153
18,0.0164999961853,0.000499963760376,0.741052631579,0.957999432664,10,l1,"{'penalty': 'l1', 'C': 10}",6,0.682008368201,0.974576271186,0.800847457627,0.941422594142,0.00650000572205,0.000499963760376,0.0594183596024,0.0165768385221
19,0.00450003147125,0.0,0.745263157895,0.939117793064,10,l2,"{'penalty': 'l2', 'C': 10}",1,0.669456066946,0.966101694915,0.822033898305,0.912133891213,0.000499844551086,0.0,0.0762873941128,0.0269839018509
