,mean_fit_time,mean_score_time,mean_test_score,mean_train_score,param_C,param_penalty,params,rank_test_score,split0_test_score,split0_train_score,split1_test_score,split1_train_score,std_fit_time,std_score_time,std_test_score,std_train_score
0,0.00349998474121,0.0,0.715789473684,0.934800723353,1,l1,"{'penalty': 'l1', 'C': 1}",20,0.677824267782,0.944915254237,0.754237288136,0.924686192469,0.000499963760376,0.0,0.0382057481555,0.0101145308843
1,0.00250005722046,0.000999927520752,0.730526315789,0.938984823771,1,l2,"{'penalty': 'l2', 'C': 1}",10,0.694560669456,0.944915254237,0.766949152542,0.933054393305,0.000499963760376,0.0,0.0361935196563,0.00593043046592
2,0.00400006771088,0.000999927520752,0.72,0.953708956812,2,l1,"{'penalty': 'l1', 'C': 2}",19,0.682008368201,0.957627118644,0.758474576271,0.949790794979,0.00100004673004,0.000999927520752,0.0382323414837,0.00391816183249
3,0.00249993801117,0.000499963760376,0.734736842105,0.947379618467,2,l2,"{'penalty': 'l2', 'C': 2}",7,0.694560669456,0.949152542373,0.775423728814,0.945606694561,0.000500082969666,0.000499963760376,0.0404307232801,0.00177292390611
4,0.00499999523163,0.00100004673004,0.726315789474,0.962156939224,3,l1,"{'penalty': 'l1', 'C': 3}",11,0.682008368201,0.970338983051,0.771186440678,0.953974895397,0.00100004673004,1.19209289551e-07,0.0445881469193,0.00818204382668
5,0.00199997425079,0.00100004673004,0.734736842105,0.951590312744,3,l2,"{'penalty': 'l2', 'C': 3}",7,0.686192468619,0.953389830508,0.783898305085,0.949790794979,1.19209289551e-07,1.19209289551e-07,0.0488519438712,0.0017995177647
6,0.00650000572205,0.000499963760376,0.726315789474,0.974762428197,4,l1,"{'penalty': 'l1', 'C': 4}",11,0.682008368201,0.978813559322,0.771186440678,0.970711297071,0.00149989128113,0.000499963760376,0.0445881469193,0.00405113112545
7,0.00300002098083,0.000500082969666,0.734736842105,0.960064889015,4,l2,"{'penalty': 'l2', 'C': 4}",7,0.686192468619,0.970338983051,0.783898305085,0.949790794979,0.0,0.000500082969666,0.0488519438712,0.0102740940359
8,0.00650000572205,0.000499963760376,0.724210526316,0.978973122474,5,l1,"{'penalty': 'l1', 'C': 5}",16,0.677824267782,0.983050847458,0.771186440678,0.97489539749,0.00149989128113,0.000499963760376,0.046680155403,0.00407772498404
9,0.00349998474121,0.000999927520752,0.736842105263,0.96639422736,5,l2,"{'penalty': 'l2', 'C': 5}",6,0.686192468619,0.978813559322,0.78813559322,0.953974895397,0.000499963760376,0.0,0.0509705456831,0.0124193319623
10,0.00750017166138,0.000999927520752,0.722105263158,0.983183816751,6,l1,"{'penalty': 'l1', 'C': 6}",18,0.677824267782,0.987288135593,0.766949152542,0.979079497908,0.00250005722046,0.0,0.0445615535911,0.00410431884264
11,0.00250005722046,0.000999927520752,0.738947368421,0.96639422736,6,l2,"{'penalty': 'l2', 'C': 6}",1,0.686192468619,0.978813559322,0.792372881356,0.953974895397,0.000499963760376,0.0,0.0530891474949,0.0124193319623
12,0.00899994373322,0.00100016593933,0.726315789474,0.98527586696,7,l1,"{'penalty': 'l1', 'C': 7}",11,0.677824267782,0.987288135593,0.775423728814,0.983263598326,0.00199997425079,0.0,0.0487987572148,0.00201226863343
13,0.00349998474121,0.00100016593933,0.738947368421,0.96639422736,7,l2,"{'penalty': 'l2', 'C': 7}",1,0.682008368201,0.978813559322,0.796610169492,0.953974895397,0.000499963760376,0.0,0.0572997577905,0.0124193319623
14,0.00950002670288,0.00100004673004,0.726315789474,0.98527586696,8,l1,"{'penalty': 'l1', 'C': 8}",11,0.682008368201,0.987288135593,0.771186440678,0.983263598326,0.00250005722046,1.19209289551e-07,0.0445881469193,0.00201226863343
15,0.00399994850159,0.000499963760376,0.738947368421,0.96639422736,8,l2,"{'penalty': 'l2', 'C': 8}",1,0.682008368201,0.978813559322,0.796610169492,0.953974895397,0.0,0.000499963760376,0.0572997577905,0.0124193319623
16,0.00949990749359,0.0,0.724210526316,0.98527586696,9,l1,"{'penalty': 'l1', 'C': 9}",16,0.677824267782,0.987288135593,0.771186440678,0.983263598326,0.00150001049042,0.0,0.046680155403,0.00201226863343
17,0.00349998474121,0.000499963760376,0.738947368421,0.968486277569,9,l2,"{'penalty': 'l2', 'C': 9}",1,0.682008368201,0.978813559322,0.796610169492,0.958158995816,0.000499963760376,0.000499963760376,0.0572997577905,0.0103272817531
18,0.0104999542236,0.000500082969666,0.726315789474,0.98527586696,10,l1,"{'penalty': 'l1', 'C': 10}",11,0.677824267782,0.987288135593,0.775423728814,0.983263598326,0.00250005722046,0.000500082969666,0.0487987572148,0.00201226863343
19,0.00349998474121,0.00100004673004,0.738947368421,0.972696971846,10,l2,"{'penalty': 'l2', 'C': 10}",1,0.682008368201,0.983050847458,0.796610169492,0.962343096234,0.000499963760376,1.19209289551e-07,0.0572997577905,0.0103538756117
