,mean_fit_time,mean_score_time,mean_test_score,mean_train_score,param_C,param_penalty,params,rank_test_score,split0_test_score,split0_train_score,split1_test_score,split1_train_score,std_fit_time,std_score_time,std_test_score,std_train_score
0,0.00349998474121,0.0,0.797894736842,0.853024608184,1,l1,"{'penalty': 'l1', 'C': 1}",1,0.732217573222,0.915254237288,0.864406779661,0.790794979079,0.000499963760376,0.0,0.0660932849762,0.0622296291043
1,0.00150012969971,0.000499963760376,0.793684210526,0.844629813488,1,l2,"{'penalty': 'l2', 'C': 1}",8,0.719665271967,0.911016949153,0.868644067797,0.778242677824,0.000499963760376,0.000499963760376,0.0744879122391,0.0663871356641
2,0.00750017166138,0.000499963760376,0.791578947368,0.867695553507,2,l1,"{'penalty': 'l1', 'C': 2}",10,0.715481171548,0.919491525424,0.868644067797,0.81589958159,0.000499963760376,0.000499963760376,0.0765799207228,0.0517959719169
3,0.00150001049042,0.0,0.789473684211,0.855143252252,2,l2,"{'penalty': 'l2', 'C': 2}",11,0.715481171548,0.919491525424,0.864406779661,0.790794979079,0.000500082969666,0.0,0.0744613189109,0.0643482731721
4,0.00599992275238,0.0,0.787368421053,0.876090348202,3,l1,"{'penalty': 'l1', 'C': 3}",13,0.71129707113,0.923728813559,0.864406779661,0.828451882845,0.00100004673004,0.0,0.0765533273946,0.0476384653571
5,0.00150001049042,0.000499963760376,0.789473684211,0.863564640806,3,l2,"{'penalty': 'l2', 'C': 3}",11,0.715481171548,0.927966101695,0.864406779661,0.799163179916,0.000500082969666,0.000499963760376,0.0744613189109,0.0644014608893
6,0.0104999542236,0.000499963760376,0.795789473684,0.880301042479,4,l1,"{'penalty': 'l1', 'C': 4}",5,0.71129707113,0.927966101695,0.881355932203,0.832635983264,0.00450015068054,0.000499963760376,0.0850277346421,0.0476650592157
7,0.00150001049042,0.0,0.783157894737,0.865630097156,4,l2,"{'penalty': 'l2', 'C': 4}",14,0.707112970711,0.923728813559,0.860169491525,0.807531380753,0.000500082969666,0.0,0.0765267340664,0.0580987164031
8,0.00800013542175,0.0,0.797894736842,0.880301042479,5,l1,"{'penalty': 'l1', 'C': 5}",1,0.71129707113,0.927966101695,0.885593220339,0.832635983264,0.00399994850159,0.0,0.087146336454,0.0476650592157
9,0.00150012969971,0.0,0.783157894737,0.869814197575,5,l2,"{'penalty': 'l2', 'C': 5}",14,0.707112970711,0.923728813559,0.860169491525,0.81589958159,0.000499963760376,0.0,0.0765267340664,0.0539146159847
10,0.010999917984,0.00100004673004,0.795789473684,0.880301042479,6,l1,"{'penalty': 'l1', 'C': 6}",5,0.707112970711,0.927966101695,0.885593220339,0.832635983264,0.00399994850159,1.19209289551e-07,0.0892383449376,0.0476650592157
11,0.00150001049042,0.000499963760376,0.783157894737,0.871906247784,6,l2,"{'penalty': 'l2', 'C': 6}",14,0.707112970711,0.923728813559,0.860169491525,0.820083682008,0.000499844551086,0.000499963760376,0.0765267340664,0.0518225657755
12,0.00899994373322,0.000499963760376,0.797894736842,0.880301042479,7,l1,"{'penalty': 'l1', 'C': 7}",1,0.71129707113,0.927966101695,0.885593220339,0.832635983264,0.00100004673004,0.000499963760376,0.087146336454,0.0476650592157
13,0.00249993801117,0.0,0.783157894737,0.873998297993,7,l2,"{'penalty': 'l2', 'C': 7}",14,0.707112970711,0.923728813559,0.860169491525,0.824267782427,0.000500082969666,0.0,0.0765267340664,0.0497305155663
14,0.0120000839233,0.0,0.797894736842,0.880301042479,8,l1,"{'penalty': 'l1', 'C': 8}",1,0.71129707113,0.927966101695,0.885593220339,0.832635983264,0.00300002098083,0.0,0.087146336454,0.0476650592157
15,0.000999927520752,0.000499963760376,0.783157894737,0.873998297993,8,l2,"{'penalty': 'l2', 'C': 8}",14,0.707112970711,0.923728813559,0.860169491525,0.824267782427,0.0,0.000499963760376,0.0765267340664,0.0497305155663
16,0.0120000839233,0.0,0.795789473684,0.882393092688,9,l1,"{'penalty': 'l1', 'C': 9}",5,0.71129707113,0.927966101695,0.881355932203,0.836820083682,0.00200009346008,0.0,0.0850277346421,0.0455730090065
17,0.00150012969971,0.000499963760376,0.783157894737,0.876090348202,9,l2,"{'penalty': 'l2', 'C': 9}",14,0.707112970711,0.923728813559,0.860169491525,0.828451882845,0.000499963760376,0.000499963760376,0.0765267340664,0.0476384653571
18,0.00950002670288,0.000499963760376,0.793684210526,0.884485142898,10,l1,"{'penalty': 'l1', 'C': 10}",8,0.71129707113,0.927966101695,0.877118644068,0.8410041841,0.00449991226196,0.000499963760376,0.0829091328302,0.0434809587972
19,0.00149989128113,0.000499963760376,0.781052631579,0.878182398411,10,l2,"{'penalty': 'l2', 'C': 10}",20,0.702928870293,0.923728813559,0.860169491525,0.832635983264,0.000499963760376,0.000499963760376,0.0786187425501,0.0455464151479
