,mean_fit_time,mean_score_time,mean_test_score,mean_train_score,param_C,param_penalty,params,rank_test_score,split0_test_score,split0_train_score,split1_test_score,split1_train_score,std_fit_time,std_score_time,std_test_score,std_train_score
0,0.00349998474121,0.00100004673004,0.726315789474,0.917957946245,1,l1,"{'penalty': 'l1', 'C': 1}",20,0.690376569038,0.927966101695,0.762711864407,0.907949790795,0.000499963760376,1.19209289551e-07,0.0361669263282,0.01000815545
1,0.00300002098083,0.000499963760376,0.734736842105,0.920049996454,1,l2,"{'penalty': 'l2', 'C': 1}",19,0.698744769874,0.927966101695,0.771186440678,0.912133891213,0.0,0.000499963760376,0.0362201129845,0.00791610524076
2,0.00349998474121,0.000999927520752,0.743157894737,0.934774129494,2,l1,"{'penalty': 'l1', 'C': 2}",17,0.702928870293,0.940677966102,0.783898305085,0.928870292887,0.000499963760376,0.0,0.0404839099364,0.00590383660733
3,0.00300002098083,0.000500082969666,0.738947368421,0.926326147082,2,l2,"{'penalty': 'l2', 'C': 2}",18,0.698744769874,0.927966101695,0.779661016949,0.924686192469,0.0,0.000500082969666,0.0404573166083,0.00163995461315
4,0.00500011444092,0.000499963760376,0.749473684211,0.943195518048,3,l1,"{'penalty': 'l1', 'C': 3}",16,0.71129707113,0.949152542373,0.78813559322,0.937238493724,0.000999927520752,0.000499963760376,0.0384184947809,0.00595702432452
5,0.00300002098083,0.000499963760376,0.751578947368,0.936892773562,3,l2,"{'penalty': 'l2', 'C': 3}",13,0.715481171548,0.944915254237,0.78813559322,0.928870292887,0.0,0.000499963760376,0.0363264862973,0.00802248067513
6,0.00699996948242,0.000499963760376,0.751578947368,0.945314162116,4,l1,"{'penalty': 'l1', 'C': 4}",13,0.707112970711,0.953389830508,0.796610169492,0.937238493724,0.000999927520752,0.000499963760376,0.0447477068884,0.00807566839231
7,0.00300002098083,0.000499963760376,0.76,0.938984823771,4,l2,"{'penalty': 'l2', 'C': 4}",9,0.715481171548,0.944915254237,0.805084745763,0.933054393305,0.0,0.000499963760376,0.0448008935447,0.00593043046592
8,0.00750005245209,0.000999927520752,0.751578947368,0.951616906602,5,l1,"{'penalty': 'l1', 'C': 5}",13,0.71129707113,0.957627118644,0.792372881356,0.945606694561,0.00249993801117,0.0,0.0405370965928,0.0060102120417
9,0.00299990177155,0.00100004673004,0.764210526316,0.938984823771,5,l2,"{'penalty': 'l2', 'C': 5}",5,0.715481171548,0.944915254237,0.813559322034,0.933054393305,0.00100004673004,1.19209289551e-07,0.0490380971685,0.00593043046592
10,0.0104999542236,0.0,0.755789473684,0.95373555067,6,l1,"{'penalty': 'l1', 'C': 6}",12,0.715481171548,0.96186440678,0.796610169492,0.945606694561,0.00449991226196,0.0,0.040563689921,0.0081288561095
11,0.00399994850159,0.000999927520752,0.764210526316,0.945287568258,6,l2,"{'penalty': 'l2', 'C': 6}",5,0.715481171548,0.949152542373,0.813559322034,0.941422594142,0.0,0.0,0.0490380971685,0.00386497411531
12,0.00899994373322,0.000500082969666,0.76,0.95373555067,7,l1,"{'penalty': 'l1', 'C': 7}",9,0.715481171548,0.96186440678,0.805084745763,0.945606694561,1.19209289551e-07,0.000500082969666,0.0448008935447,0.0081288561095
13,0.00349998474121,0.0,0.768421052632,0.945287568258,7,l2,"{'penalty': 'l2', 'C': 7}",3,0.71129707113,0.949152542373,0.826271186441,0.941422594142,0.000499963760376,0.0,0.0574859110878,0.00386497411531
14,0.00800001621246,0.000499963760376,0.76,0.957919651089,8,l1,"{'penalty': 'l1', 'C': 8}",9,0.715481171548,0.96186440678,0.805084745763,0.953974895397,0.00100004673004,0.000499963760376,0.0448008935447,0.00394475569109
15,0.00399994850159,0.000999927520752,0.768421052632,0.945287568258,8,l2,"{'penalty': 'l2', 'C': 8}",3,0.707112970711,0.949152542373,0.830508474576,0.941422594142,0.0,0.0,0.0616965213833,0.00386497411531
16,0.00950002670288,0.000499963760376,0.764210526316,0.962156939224,9,l1,"{'penalty': 'l1', 'C': 9}",5,0.723849372385,0.970338983051,0.805084745763,0.953974895397,0.00150012969971,0.000499963760376,0.0406168765774,0.00818204382668
17,0.00450003147125,0.000499963760376,0.770526315789,0.945287568258,9,l2,"{'penalty': 'l2', 'C': 9}",1,0.71129707113,0.949152542373,0.830508474576,0.941422594142,0.000500082969666,0.000499963760376,0.0596045128996,0.00386497411531
18,0.00999987125397,0.000500082969666,0.764210526316,0.964248989433,10,l1,"{'penalty': 'l1', 'C': 10}",5,0.719665271967,0.970338983051,0.809322033898,0.958158995816,0.00199997425079,0.000500082969666,0.0448274868729,0.00608999361747
19,0.0035001039505,0.000499963760376,0.770526315789,0.945287568258,10,l2,"{'penalty': 'l2', 'C': 10}",1,0.71129707113,0.949152542373,0.830508474576,0.941422594142,0.000500082969666,0.000499963760376,0.0596045128996,0.00386497411531
