,mean_fit_time,mean_score_time,mean_test_score,mean_train_score,param_C,param_penalty,params,rank_test_score,split0_test_score,split0_train_score,split1_test_score,split1_train_score,std_fit_time,std_score_time,std_test_score,std_train_score
0,0.00349986553192,0.000500082969666,0.696842105263,0.899076306645,1,l1,"{'penalty': 'l1', 'C': 1}",20,0.635983263598,0.919491525424,0.758474576271,0.878661087866,0.000500082969666,0.000500082969666,0.0612444348042,0.0204152187788
1,0.00300002098083,0.000499963760376,0.722105263158,0.899076306645,1,l2,"{'penalty': 'l2', 'C': 1}",18,0.669456066946,0.919491525424,0.775423728814,0.878661087866,0.000999927520752,0.000499963760376,0.0529827741822,0.0204152187788
2,0.00399994850159,0.000500082969666,0.722105263158,0.936972555138,2,l1,"{'penalty': 'l1', 'C': 2}",18,0.665271966527,0.957627118644,0.779661016949,0.916317991632,0.0,0.000500082969666,0.0571933844778,0.0206545635061
3,0.00250005722046,0.000999927520752,0.732631578947,0.909642933125,2,l2,"{'penalty': 'l2', 'C': 2}",16,0.661087866109,0.936440677966,0.805084745763,0.882845188285,0.000499963760376,0.0,0.0719970038327,0.0267977448408
4,0.00550007820129,0.000499963760376,0.730526315789,0.95167009432,3,l1,"{'penalty': 'l1', 'C': 3}",17,0.673640167364,0.966101694915,0.78813559322,0.937238493724,0.000499963760376,0.000499963760376,0.0572465711341,0.0144316005957
5,0.0035001039505,0.000499963760376,0.738947368421,0.934827317212,3,l2,"{'penalty': 'l2', 'C': 3}",10,0.661087866109,0.949152542373,0.817796610169,0.92050209205,0.000500082969666,0.000499963760376,0.0783528092683,0.0143252251613
6,0.00449991226196,0.00100004673004,0.743157894737,0.955880788597,4,l1,"{'penalty': 'l1', 'C': 4}",3,0.686192468619,0.970338983051,0.800847457627,0.941422594142,0.000499963760376,1.19209289551e-07,0.0573263511187,0.0144581944543
7,0.00399994850159,0.0,0.736842105263,0.939038011489,4,l2,"{'penalty': 'l2', 'C': 4}",13,0.665271966527,0.953389830508,0.809322033898,0.924686192469,0.000999927520752,0.0,0.0720235971609,0.0143518190199
8,0.00600004196167,0.000499963760376,0.734736842105,0.955880788597,5,l1,"{'penalty': 'l1', 'C': 5}",15,0.665271966527,0.970338983051,0.805084745763,0.941422594142,0.000999927520752,0.000499963760376,0.069904995349,0.0144581944543
9,0.00399994850159,0.000499963760376,0.741052631579,0.945340755975,5,l2,"{'penalty': 'l2', 'C': 5}",6,0.669456066946,0.957627118644,0.813559322034,0.933054393305,0.0,0.000499963760376,0.072050190489,0.0122863626693
10,0.00800001621246,0.000999927520752,0.736842105263,0.957972838806,6,l1,"{'penalty': 'l1', 'C': 6}",13,0.669456066946,0.970338983051,0.805084745763,0.945606694561,0.00100004673004,0.0,0.0678129868653,0.0123661442451
11,0.00349998474121,0.000999927520752,0.738947368421,0.94957804411,6,l2,"{'penalty': 'l2', 'C': 6}",10,0.665271966527,0.966101694915,0.813559322034,0.933054393305,0.000499963760376,0.0,0.0741421989727,0.0165236508049
12,0.00650000572205,0.00100004673004,0.741052631579,0.962210126941,7,l1,"{'penalty': 'l1', 'C': 7}",6,0.669456066946,0.978813559322,0.813559322034,0.945606694561,0.00149989128113,1.19209289551e-07,0.072050190489,0.0166034323807
13,0.00349998474121,0.00100004673004,0.738947368421,0.951696688178,7,l2,"{'penalty': 'l2', 'C': 7}",10,0.665271966527,0.970338983051,0.813559322034,0.933054393305,0.000499963760376,1.19209289551e-07,0.0741421989727,0.0186422948727
14,0.00849997997284,0.000999927520752,0.741052631579,0.964302177151,8,l1,"{'penalty': 'l1', 'C': 8}",6,0.673640167364,0.978813559322,0.809322033898,0.949790794979,0.00150001049042,0.0,0.0678395801935,0.0145113821715
15,0.00399994850159,0.000999927520752,0.741052631579,0.951696688178,8,l2,"{'penalty': 'l2', 'C': 8}",6,0.669456066946,0.970338983051,0.813559322034,0.933054393305,0.000999927520752,0.0,0.072050190489,0.0186422948727
16,0.00800001621246,0.000499963760376,0.743157894737,0.970604921637,9,l1,"{'penalty': 'l1', 'C': 9}",3,0.673640167364,0.983050847458,0.813559322034,0.958158995816,0.00299990177155,0.000499963760376,0.0699581820054,0.0124459258209
17,0.00450003147125,0.000999927520752,0.747368421053,0.951696688178,9,l2,"{'penalty': 'l2', 'C': 9}",1,0.682008368201,0.970338983051,0.813559322034,0.933054393305,0.000500082969666,0.0,0.065774165038,0.0186422948727
18,0.00750005245209,0.000500082969666,0.743157894737,0.970604921637,10,l1,"{'penalty': 'l1', 'C': 10}",3,0.673640167364,0.983050847458,0.813559322034,0.958158995816,0.00150001049042,0.000500082969666,0.0699581820054,0.0124459258209
19,0.00499999523163,0.0,0.745263157895,0.951696688178,10,l2,"{'penalty': 'l2', 'C': 10}",2,0.673640167364,0.970338983051,0.817796610169,0.933054393305,0.00100004673004,0.0,0.0720767838172,0.0186422948727
