,mean_fit_time,mean_score_time,mean_test_score,mean_train_score,param_C,param_penalty,params,rank_test_score,split0_test_score,split0_train_score,split1_test_score,split1_train_score,std_fit_time,std_score_time,std_test_score,std_train_score
0,0.00249993801117,0.00100016593933,0.749473684211,0.924313878448,1,l1,"{'penalty': 'l1', 'C': 1}",20,0.648535564854,0.940677966102,0.851694915254,0.907949790795,0.000500082969666,0.0,0.101577649214,0.0163640876534
1,0.00300002098083,0.000500082969666,0.755789473684,0.930669810652,1,l2,"{'penalty': 'l2', 'C': 1}",19,0.673640167364,0.953389830508,0.838983050847,0.907949790795,0.0,0.000500082969666,0.0826697928766,0.0227200198567
2,0.00449991226196,0.00100016593933,0.76,0.955880788597,2,l1,"{'penalty': 'l1', 'C': 2}",18,0.661087866109,0.970338983051,0.860169491525,0.941422594142,0.00149989128113,0.0,0.099538827387,0.0144581944543
3,0.00349998474121,0.000499963760376,0.770526315789,0.943275299624,2,l2,"{'penalty': 'l2', 'C': 2}",15,0.673640167364,0.96186440678,0.868644067797,0.924686192469,0.000500202178955,0.000499963760376,0.0975000055597,0.0185891071555
4,0.005499958992,0.000499963760376,0.768421052632,0.966367633501,3,l1,"{'penalty': 'l1', 'C': 3}",16,0.669456066946,0.974576271186,0.868644067797,0.958158995816,0.00249993801117,0.000499963760376,0.0995920140434,0.00820863768527
5,0.00349998474121,0.000499963760376,0.772631578947,0.947485993901,3,l2,"{'penalty': 'l2', 'C': 3}",14,0.677824267782,0.966101694915,0.868644067797,0.928870292887,0.000499963760376,0.000499963760376,0.095407997076,0.0186157010141
6,0.00699996948242,0.0,0.768421052632,0.974815615914,4,l1,"{'penalty': 'l1', 'C': 4}",16,0.669456066946,0.987288135593,0.868644067797,0.962343096234,0.00200009346008,0.0,0.0995920140434,0.0124725196795
7,0.00399994850159,0.000999927520752,0.774736842105,0.94957804411,4,l2,"{'penalty': 'l2', 'C': 4}",11,0.682008368201,0.966101694915,0.868644067797,0.933054393305,0.000999927520752,0.0,0.0933159885923,0.0165236508049
8,0.00699996948242,0.000499963760376,0.774736842105,0.976907666123,5,l1,"{'penalty': 'l1', 'C': 5}",11,0.673640167364,0.987288135593,0.877118644068,0.966527196653,0.0,0.000499963760376,0.101737209183,0.0103804694703
9,0.00499987602234,0.0,0.778947368421,0.953788738387,5,l2,"{'penalty': 'l2', 'C': 5}",4,0.686192468619,0.970338983051,0.872881355932,0.937238493724,0.000999927520752,0.0,0.0933425819205,0.0165502446635
10,0.0090000629425,0.0,0.778947368421,0.978999716332,6,l1,"{'penalty': 'l1', 'C': 6}",4,0.682008368201,0.987288135593,0.877118644068,0.970711297071,0.00200009346008,0.0,0.097553192216,0.00828841926105
11,0.00349998474121,0.00100004673004,0.776842105263,0.957972838806,6,l2,"{'penalty': 'l2', 'C': 6}",8,0.682008368201,0.970338983051,0.872881355932,0.945606694561,0.000499963760376,1.19209289551e-07,0.0954345904042,0.0123661442451
12,0.00999999046326,0.000499963760376,0.778947368421,0.981091766541,7,l1,"{'penalty': 'l1', 'C': 7}",4,0.686192468619,0.987288135593,0.872881355932,0.97489539749,0.0019998550415,0.000499963760376,0.0933425819205,0.00619636905184
13,0.00400006771088,0.000999927520752,0.776842105263,0.964248989433,7,l2,"{'penalty': 'l2', 'C': 7}",8,0.682008368201,0.970338983051,0.872881355932,0.958158995816,0.00199997425079,0.0,0.0954345904042,0.00608999361747
14,0.0119998455048,0.000500082969666,0.781052631579,0.981091766541,8,l1,"{'penalty': 'l1', 'C': 8}",1,0.686192468619,0.987288135593,0.877118644068,0.97489539749,0.000999927520752,0.000500082969666,0.0954611837323,0.00619636905184
15,0.00449991226196,0.00100004673004,0.776842105263,0.966341039643,8,l2,"{'penalty': 'l2', 'C': 8}",8,0.682008368201,0.970338983051,0.872881355932,0.962343096234,0.00149989128113,1.19209289551e-07,0.0954345904042,0.00399794340827
16,0.0110000371933,0.000999927520752,0.778947368421,0.985302460818,9,l1,"{'penalty': 'l1', 'C': 9}",4,0.690376569038,0.991525423729,0.868644067797,0.979079497908,0.00199997425079,0.0,0.0891319716249,0.00622296291043
17,0.00450003147125,0.00100004673004,0.781052631579,0.968433089852,9,l2,"{'penalty': 'l2', 'C': 9}",1,0.682008368201,0.970338983051,0.881355932203,0.966527196653,0.000500082969666,1.19209289551e-07,0.0996717940279,0.00190589319906
18,0.0115000009537,0.000499963760376,0.774736842105,0.985302460818,10,l1,"{'penalty': 'l1', 'C': 10}",11,0.686192468619,0.991525423729,0.864406779661,0.979079497908,0.00150001049042,0.000499963760376,0.0891053782967,0.00622296291043
19,0.00500011444092,0.00100004673004,0.781052631579,0.966314445784,10,l2,"{'penalty': 'l2', 'C': 10}",1,0.682008368201,0.966101694915,0.881355932203,0.966527196653,0.00200009346008,1.19209289551e-07,0.0996717940279,0.000212750868733
