,mean_fit_time,mean_score_time,mean_test_score,mean_train_score,param_C,param_penalty,params,rank_test_score,split0_test_score,split0_train_score,split1_test_score,split1_train_score,std_fit_time,std_score_time,std_test_score,std_train_score
0,0.00400006771088,0.000499963760376,0.736842105263,0.911788171052,1,l1,"{'penalty': 'l1', 'C': 1}",14,0.694560669456,0.944915254237,0.779661016949,0.878661087866,1.19209289551e-07,0.000499963760376,0.042549325092,0.0331270831856
1,0.00349998474121,0.000999927520752,0.732631578947,0.888509680165,1,l2,"{'penalty': 'l2', 'C': 1}",20,0.682008368201,0.902542372881,0.783898305085,0.874476987448,0.000499963760376,0.0,0.0509439523549,0.0140326927168
2,0.00600016117096,0.000999927520752,0.734736842105,0.936972555138,2,l1,"{'penalty': 'l1', 'C': 2}",18,0.677824267782,0.957627118644,0.792372881356,0.916317991632,0.00100004673004,0.0,0.0572731644623,0.0206545635061
3,0.00299990177155,0.000499963760376,0.743157894737,0.901115169137,2,l2,"{'penalty': 'l2', 'C': 2}",9,0.694560669456,0.911016949153,0.792372881356,0.891213389121,1.19209289551e-07,0.000499963760376,0.0489051305276,0.0099017800156
4,0.005499958992,0.000499963760376,0.755789473684,0.94957804411,3,l1,"{'penalty': 'l1', 'C': 3}",1,0.690376569038,0.966101694915,0.822033898305,0.933054393305,0.000500082969666,0.000499963760376,0.0658273516943,0.0165236508049
5,0.00349998474121,0.000499963760376,0.743157894737,0.911655201759,3,l2,"{'penalty': 'l2', 'C': 3}",9,0.698744769874,0.923728813559,0.78813559322,0.899581589958,0.000499963760376,0.000499963760376,0.044694520232,0.0120736118006
6,0.0090000629425,0.000999927520752,0.753684210526,0.957999432664,4,l1,"{'penalty': 'l1', 'C': 4}",2,0.677824267782,0.974576271186,0.830508474576,0.941422594142,0.0,0.0,0.0763405807691,0.0165768385221
7,0.00300002098083,0.00100004673004,0.747368421053,0.934907098787,4,l2,"{'penalty': 'l2', 'C': 4}",3,0.694560669456,0.96186440678,0.800847457627,0.907949790795,0.00100016593933,1.19209289551e-07,0.0531423341513,0.0269573079923
8,0.0130000114441,0.000499963760376,0.745263157895,0.960091482874,5,l1,"{'penalty': 'l1', 'C': 5}",7,0.665271966527,0.974576271186,0.826271186441,0.945606694561,0.00200009346008,0.000499963760376,0.0804980044083,0.0144847883129
9,0.00400006771088,0.000499963760376,0.747368421053,0.934880504929,5,l2,"{'penalty': 'l2', 'C': 5}",3,0.690376569038,0.957627118644,0.805084745763,0.912133891213,1.19209289551e-07,0.000499963760376,0.0573529444469,0.0227466137153
10,0.0115000009537,0.000499963760376,0.738947368421,0.964275583292,6,l1,"{'penalty': 'l1', 'C': 6}",13,0.661087866109,0.974576271186,0.817796610169,0.953974895397,0.000499844551086,0.000499963760376,0.0783528092683,0.0103006878945
11,0.00300002098083,0.000499963760376,0.747368421053,0.945420537551,6,l2,"{'penalty': 'l2', 'C': 6}",3,0.690376569038,0.970338983051,0.805084745763,0.92050209205,0.0,0.000499963760376,0.0573529444469,0.0249184455003
12,0.0115000009537,0.0,0.736842105263,0.96639422736,7,l1,"{'penalty': 'l1', 'C': 7}",14,0.65690376569,0.978813559322,0.817796610169,0.953974895397,0.00150001049042,0.0,0.080444817752,0.0124193319623
13,0.00399994850159,0.000499963760376,0.747368421053,0.949631231828,7,l2,"{'penalty': 'l2', 'C': 7}",3,0.686192468619,0.974576271186,0.809322033898,0.924686192469,0.000999927520752,0.000499963760376,0.0615635547424,0.0249450393589
14,0.0154999494553,0.00100004673004,0.736842105263,0.96639422736,8,l1,"{'penalty': 'l1', 'C': 8}",14,0.652719665272,0.978813559322,0.822033898305,0.953974895397,0.000499844551086,1.19209289551e-07,0.0846554280475,0.0124193319623
15,0.00300002098083,0.000999927520752,0.745263157895,0.953815332246,8,l2,"{'penalty': 'l2', 'C': 8}",7,0.686192468619,0.974576271186,0.805084745763,0.933054393305,0.000999927520752,0.0,0.0594449529306,0.0207609389405
16,0.0184999704361,0.000499963760376,0.736842105263,0.96639422736,9,l1,"{'penalty': 'l1', 'C': 9}",14,0.644351464435,0.978813559322,0.830508474576,0.953974895397,0.00249993801117,0.000499963760376,0.0930766486387,0.0124193319623
17,0.00300002098083,0.000999927520752,0.743157894737,0.951723282037,9,l2,"{'penalty': 'l2', 'C': 9}",9,0.682008368201,0.974576271186,0.805084745763,0.928870292887,0.000999927520752,0.0,0.0615369614142,0.0228529891497
18,0.0160000324249,0.000999927520752,0.734736842105,0.968512871428,10,l1,"{'penalty': 'l1', 'C': 10}",18,0.640167364017,0.983050847458,0.830508474576,0.953974895397,0.00300002098083,0.0,0.0951686571223,0.0145379760301
19,0.00450003147125,0.000499963760376,0.741052631579,0.953815332246,10,l2,"{'penalty': 'l2', 'C': 10}",12,0.682008368201,0.974576271186,0.800847457627,0.933054393305,0.000500082969666,0.000499963760376,0.0594183596024,0.0207609389405
