,mean_fit_time,mean_score_time,mean_test_score,mean_train_score,param_C,param_penalty,params,rank_test_score,split0_test_score,split0_train_score,split1_test_score,split1_train_score,std_fit_time,std_score_time,std_test_score,std_train_score
0,0.00300002098083,0.000500082969666,0.711578947368,0.913667470392,1,l1,"{'penalty': 'l1', 'C': 1}",20,0.673640167364,0.911016949153,0.75,0.916317991632,0.000999927520752,0.000500082969666,0.0381791548273,0.00265052123963
1,0.00250005722046,0.000999927520752,0.732631578947,0.917931352386,1,l2,"{'penalty': 'l2', 'C': 1}",9,0.694560669456,0.923728813559,0.771186440678,0.912133891213,0.000499963760376,0.0,0.0383121214682,0.00579746117297
2,0.00399994850159,0.000499963760376,0.715789473684,0.941076873981,2,l1,"{'penalty': 'l1', 'C': 2}",19,0.686192468619,0.944915254237,0.745762711864,0.937238493724,0.000999927520752,0.000499963760376,0.0297845275644,0.00383838025672
3,0.00250005722046,0.000999927520752,0.732631578947,0.936866179704,2,l2,"{'penalty': 'l2', 'C': 2}",9,0.686192468619,0.940677966102,0.779661016949,0.933054393305,0.000499963760376,0.0,0.0467333420593,0.00381178639813
4,0.005499958992,0.000499963760376,0.717894736842,0.943195518048,3,l1,"{'penalty': 'l1', 'C': 3}",18,0.690376569038,0.949152542373,0.745762711864,0.937238493724,0.00150001049042,0.000499963760376,0.0276925190807,0.00595702432452
5,0.00249993801117,0.00100004673004,0.736842105263,0.938984823771,3,l2,"{'penalty': 'l2', 'C': 3}",8,0.690376569038,0.944915254237,0.783898305085,0.933054393305,0.000500082969666,1.19209289551e-07,0.0467599353875,0.00593043046592
6,0.00800001621246,0.000999927520752,0.728421052632,0.951590312744,4,l1,"{'penalty': 'l1', 'C': 4}",13,0.690376569038,0.953389830508,0.766949152542,0.949790794979,0.00299990177155,0.0,0.03828552814,0.0017995177647
7,0.00300002098083,0.000999927520752,0.738947368421,0.941076873981,4,l2,"{'penalty': 'l2', 'C': 4}",7,0.690376569038,0.944915254237,0.78813559322,0.937238493724,0.000999927520752,0.0,0.0488785371994,0.00383838025672
8,0.00899994373322,0.00100004673004,0.730526315789,0.955827600879,5,l1,"{'penalty': 'l1', 'C': 5}",12,0.686192468619,0.96186440678,0.775423728814,0.949790794979,1.19209289551e-07,1.19209289551e-07,0.0446147402475,0.00603680590029
9,0.00400006771088,0.0,0.745263157895,0.945287568258,5,l2,"{'penalty': 'l2', 'C': 5}",6,0.694560669456,0.949152542373,0.796610169492,0.941422594142,0.00100004673004,0.0,0.0510237323394,0.00386497411531
10,0.0074999332428,0.0,0.728421052632,0.957919651089,6,l1,"{'penalty': 'l1', 'C': 6}",13,0.686192468619,0.96186440678,0.771186440678,0.953974895397,0.000499963760376,0.0,0.0424961384356,0.00394475569109
11,0.00400006771088,0.000999927520752,0.747368421053,0.945287568258,6,l2,"{'penalty': 'l2', 'C': 6}",4,0.694560669456,0.949152542373,0.800847457627,0.941422594142,0.00100004673004,0.0,0.0531423341513,0.00386497411531
12,0.00599992275238,0.00100004673004,0.726315789474,0.957919651089,7,l1,"{'penalty': 'l1', 'C': 7}",16,0.682008368201,0.96186440678,0.771186440678,0.953974895397,1.19209289551e-07,1.19209289551e-07,0.0445881469193,0.00394475569109
13,0.00400006771088,0.000999927520752,0.747368421053,0.945287568258,7,l2,"{'penalty': 'l2', 'C': 7}",4,0.690376569038,0.949152542373,0.805084745763,0.941422594142,0.00100004673004,0.0,0.0573529444469,0.00386497411531
14,0.0074999332428,0.000500082969666,0.728421052632,0.962103751507,8,l1,"{'penalty': 'l1', 'C': 8}",13,0.682008368201,0.96186440678,0.775423728814,0.962343096234,0.000499963760376,0.000500082969666,0.0467067487311,0.000239344727324
15,0.00499999523163,0.000499963760376,0.749473684211,0.947379618467,8,l2,"{'penalty': 'l2', 'C': 8}",3,0.690376569038,0.949152542373,0.809322033898,0.945606694561,0.00100004673004,0.000499963760376,0.0594715462587,0.00177292390611
16,0.0115000009537,0.00100004673004,0.732631578947,0.966314445784,9,l1,"{'penalty': 'l1', 'C': 9}",9,0.682008368201,0.966101694915,0.783898305085,0.966527196653,0.0035001039505,1.19209289551e-07,0.0509439523549,0.000212750868733
17,0.00499999523163,0.000499963760376,0.751578947368,0.947379618467,9,l2,"{'penalty': 'l2', 'C': 9}",1,0.690376569038,0.949152542373,0.813559322034,0.945606694561,0.00100004673004,0.000499963760376,0.0615901480706,0.00177292390611
18,0.0115000009537,0.00100004673004,0.722105263158,0.966314445784,10,l1,"{'penalty': 'l1', 'C': 10}",17,0.682008368201,0.966101694915,0.762711864407,0.966527196653,0.000500082969666,1.19209289551e-07,0.0403509432955,0.000212750868733
19,0.00450003147125,0.000499963760376,0.751578947368,0.947379618467,10,l2,"{'penalty': 'l2', 'C': 10}",1,0.690376569038,0.949152542373,0.813559322034,0.945606694561,0.00150001049042,0.000499963760376,0.0615901480706,0.00177292390611
