,mean_fit_time,mean_score_time,mean_test_score,mean_train_score,param_C,param_penalty,params,rank_test_score,split0_test_score,split0_train_score,split1_test_score,split1_train_score,std_fit_time,std_score_time,std_test_score,std_train_score
0,0.00249993801117,0.000500082969666,0.726315789474,0.89709063187,1,l1,"{'penalty': 'l1', 'C': 1}",14,0.682008368201,0.936440677966,0.771186440678,0.857740585774,0.000500082969666,0.000500082969666,0.0445881469193,0.039350046096
1,0.00349998474121,0.0,0.738947368421,0.911761577193,1,l2,"{'penalty': 'l2', 'C': 1}",1,0.686192468619,0.940677966102,0.792372881356,0.882845188285,0.000499963760376,0.0,0.0530891474949,0.0289163889086
2,0.00249993801117,0.0,0.732631578947,0.941236437132,2,l1,"{'penalty': 'l1', 'C': 2}",7,0.682008368201,0.970338983051,0.783898305085,0.912133891213,0.000500082969666,0.0,0.0509439523549,0.0291025459187
3,0.00300002098083,0.000999927520752,0.730526315789,0.922248422098,2,l2,"{'penalty': 'l2', 'C': 2}",10,0.673640167364,0.944915254237,0.78813559322,0.899581589958,0.0,0.0,0.0572465711341,0.0226668321396
4,0.005499958992,0.000499963760376,0.726315789474,0.962156939224,3,l1,"{'penalty': 'l1', 'C': 3}",14,0.661087866109,0.970338983051,0.792372881356,0.953974895397,0.00150001049042,0.000499963760376,0.0656411983971,0.00818204382668
5,0.00349998474121,0.000999927520752,0.732631578947,0.930616622935,3,l2,"{'penalty': 'l2', 'C': 3}",7,0.665271966527,0.944915254237,0.800847457627,0.916317991632,0.000499963760376,0.0,0.0677863935371,0.0142986313027
6,0.00599992275238,0.000500082969666,0.734736842105,0.972670377987,4,l1,"{'penalty': 'l1', 'C': 4}",6,0.661087866109,0.978813559322,0.809322033898,0.966527196653,0.00100004673004,0.000500082969666,0.0741156056445,0.00614318133466
7,0.00349998474121,0.000999927520752,0.730526315789,0.941156655556,4,l2,"{'penalty': 'l2', 'C': 4}",10,0.661087866109,0.957627118644,0.800847457627,0.924686192469,0.00149989128113,0.0,0.0698784020208,0.0164704630877
8,0.0090000629425,0.0,0.728421052632,0.972696971846,5,l1,"{'penalty': 'l1', 'C': 5}",13,0.648535564854,0.983050847458,0.809322033898,0.962343096234,0.000999927520752,0.0,0.0803916310956,0.0103538756117
9,0.00349998474121,0.000999927520752,0.730526315789,0.947459400043,5,l2,"{'penalty': 'l2', 'C': 5}",10,0.661087866109,0.96186440678,0.800847457627,0.933054393305,0.000499963760376,0.0,0.0698784020208,0.0144050067371
10,0.005499958992,0.000500082969666,0.72,0.976907666123,6,l1,"{'penalty': 'l1', 'C': 6}",16,0.635983263598,0.987288135593,0.805084745763,0.966527196653,0.00150001049042,0.000500082969666,0.0845490547348,0.0103804694703
11,0.00349998474121,0.000500082969666,0.732631578947,0.94957804411,6,l2,"{'penalty': 'l2', 'C': 6}",7,0.661087866109,0.966101694915,0.805084745763,0.933054393305,0.000499963760376,0.000500082969666,0.0719970038327,0.0165236508049
12,0.0104999542236,0.00100004673004,0.72,0.974789022055,7,l1,"{'penalty': 'l1', 'C': 7}",16,0.635983263598,0.983050847458,0.805084745763,0.966527196653,0.00250005722046,1.19209289551e-07,0.0845490547348,0.00826182540245
13,0.00400006771088,0.0,0.738947368421,0.953788738387,7,l2,"{'penalty': 'l2', 'C': 7}",1,0.673640167364,0.970338983051,0.805084745763,0.937238493724,0.00100004673004,0.0,0.0657209783816,0.0165502446635
14,0.00999999046326,0.000499963760376,0.717894736842,0.974789022055,8,l1,"{'penalty': 'l1', 'C': 8}",18,0.635983263598,0.983050847458,0.800847457627,0.966527196653,0.000999927520752,0.000499963760376,0.0824304529229,0.00826182540245
15,0.00449991226196,0.00100004673004,0.738947368421,0.962183533083,8,l2,"{'penalty': 'l2', 'C': 8}",1,0.673640167364,0.974576271186,0.805084745763,0.949790794979,0.000499963760376,1.19209289551e-07,0.0657209783816,0.0123927381037
16,0.0104999542236,0.0,0.717894736842,0.974789022055,9,l1,"{'penalty': 'l1', 'C': 9}",18,0.63179916318,0.983050847458,0.805084745763,0.966527196653,0.00150012969971,0.0,0.0866410632185,0.00826182540245
17,0.00499999523163,0.000499963760376,0.738947368421,0.964275583292,9,l2,"{'penalty': 'l2', 'C': 9}",1,0.673640167364,0.974576271186,0.805084745763,0.953974895397,0.00100004673004,0.000499963760376,0.0657209783816,0.0103006878945
18,0.00999999046326,0.000499963760376,0.717894736842,0.974789022055,10,l1,"{'penalty': 'l1', 'C': 10}",18,0.635983263598,0.983050847458,0.800847457627,0.966527196653,0.000999927520752,0.000499963760376,0.0824304529229,0.00826182540245
19,0.00399994850159,0.00100004673004,0.738947368421,0.970604921637,10,l2,"{'penalty': 'l2', 'C': 10}",1,0.673640167364,0.983050847458,0.805084745763,0.958158995816,0.0,1.19209289551e-07,0.0657209783816,0.0124459258209
