,mean_fit_time,mean_score_time,mean_test_score,mean_train_score,param_C,param_penalty,params,rank_test_score,split0_test_score,split0_train_score,split1_test_score,split1_train_score,std_fit_time,std_score_time,std_test_score,std_train_score
0,0.00400006771088,0.000999927520752,0.747368421053,0.928577760443,1,l1,"{'penalty': 'l1', 'C': 1}",9,0.702928870293,0.953389830508,0.792372881356,0.903765690377,0.00100004673004,0.0,0.0447211135602,0.024812070066
1,0.00199997425079,0.000999927520752,0.76,0.918037727821,1,l2,"{'penalty': 'l2', 'C': 1}",1,0.698744769874,0.940677966102,0.822033898305,0.89539748954,0.00100004673004,0.0,0.061643334727,0.022640238281
2,0.00600004196167,0.0,0.741052631579,0.953762144529,2,l1,"{'penalty': 'l1', 'C': 2}",19,0.698744769874,0.966101694915,0.783898305085,0.941422594142,0.000999927520752,0.0,0.0425759184201,0.0123395503865
3,0.00299990177155,0.00100016593933,0.757894736842,0.936972555138,2,l2,"{'penalty': 'l2', 'C': 2}",2,0.694560669456,0.957627118644,0.822033898305,0.916317991632,1.19209289551e-07,0.0,0.0637353432107,0.0206545635061
4,0.00650000572205,0.000999927520752,0.738947368421,0.957946244947,3,l1,"{'penalty': 'l1', 'C': 3}",20,0.690376569038,0.966101694915,0.78813559322,0.949790794979,0.00149989128113,0.0,0.0488785371994,0.00815544996809
5,0.00349998474121,0.000499963760376,0.751578947368,0.941156655556,3,l2,"{'penalty': 'l2', 'C': 3}",4,0.677824267782,0.957627118644,0.826271186441,0.924686192469,0.000499963760376,0.000499963760376,0.0742219789573,0.0164704630877
6,0.00699996948242,0.00100004673004,0.747368421053,0.970578327778,4,l1,"{'penalty': 'l1', 'C': 4}",9,0.690376569038,0.978813559322,0.805084745763,0.962343096234,0.00200009346008,1.19209289551e-07,0.0573529444469,0.00823523154386
7,0.00300002098083,0.0,0.751578947368,0.947459400043,4,l2,"{'penalty': 'l2', 'C': 4}",4,0.669456066946,0.96186440678,0.834745762712,0.933054393305,0.000999927520752,0.0,0.0826431995484,0.0144050067371
8,0.00800001621246,0.000999927520752,0.745263157895,0.974762428197,5,l1,"{'penalty': 'l1', 'C': 5}",12,0.686192468619,0.978813559322,0.805084745763,0.970711297071,0.00100004673004,0.0,0.0594449529306,0.00405113112545
9,0.00349998474121,0.000499963760376,0.749473684211,0.951643500461,5,l2,"{'penalty': 'l2', 'C': 5}",6,0.669456066946,0.96186440678,0.830508474576,0.941422594142,0.000499963760376,0.000499963760376,0.0805245977365,0.0102209063187
10,0.0104999542236,0.000499963760376,0.743157894737,0.976854478406,6,l1,"{'penalty': 'l1', 'C': 6}",17,0.682008368201,0.978813559322,0.805084745763,0.97489539749,0.000499963760376,0.000499963760376,0.0615369614142,0.00195908091625
11,0.00349998474121,0.000499963760376,0.745263157895,0.949551450252,6,l2,"{'penalty': 'l2', 'C': 6}",12,0.661087866109,0.96186440678,0.830508474576,0.937238493724,0.000499963760376,0.000499963760376,0.0847086147039,0.0123129565279
12,0.0104999542236,0.0,0.747368421053,0.976854478406,7,l1,"{'penalty': 'l1', 'C': 7}",9,0.686192468619,0.978813559322,0.809322033898,0.97489539749,0.000499963760376,0.0,0.0615635547424,0.00195908091625
13,0.00399994850159,0.000500082969666,0.743157894737,0.95167009432,7,l2,"{'penalty': 'l2', 'C': 7}",17,0.661087866109,0.966101694915,0.826271186441,0.937238493724,0.0,0.000500082969666,0.082590012892,0.0144316005957
14,0.0129998922348,0.00100004673004,0.749473684211,0.976854478406,8,l1,"{'penalty': 'l1', 'C': 8}",6,0.686192468619,0.978813559322,0.813559322034,0.97489539749,0.00299990177155,1.19209289551e-07,0.0636821565543,0.00195908091625
15,0.00349998474121,0.000500082969666,0.745263157895,0.953788738387,8,l2,"{'penalty': 'l2', 'C': 8}",12,0.65690376569,0.970338983051,0.834745762712,0.937238493724,0.000499963760376,0.000500082969666,0.0889192249995,0.0165502446635
16,0.0149999856949,0.000999927520752,0.749473684211,0.976854478406,9,l1,"{'penalty': 'l1', 'C': 9}",6,0.686192468619,0.978813559322,0.813559322034,0.97489539749,0.00300014019012,0.0,0.0636821565543,0.00195908091625
17,0.00399994850159,0.00100004673004,0.745263157895,0.953788738387,9,l2,"{'penalty': 'l2', 'C': 9}",12,0.65690376569,0.970338983051,0.834745762712,0.937238493724,0.000999927520752,1.19209289551e-07,0.0889192249995,0.0165502446635
18,0.0154999494553,0.00100004673004,0.753684210526,0.978946528615,10,l1,"{'penalty': 'l1', 'C': 10}",3,0.682008368201,0.978813559322,0.826271186441,0.979079497908,0.0035001039505,1.19209289551e-07,0.0721299704736,0.000132969292958
19,0.00450003147125,0.0,0.745263157895,0.960118076732,10,l2,"{'penalty': 'l2', 'C': 10}",12,0.65690376569,0.978813559322,0.834745762712,0.941422594142,0.000500082969666,0.0,0.0889192249995,0.0186954825899
