,mean_fit_time,mean_score_time,mean_test_score,mean_train_score,param_C,param_penalty,params,rank_test_score,split0_test_score,split0_train_score,split1_test_score,split1_train_score,std_fit_time,std_score_time,std_test_score,std_train_score
0,0.00300002098083,0.0,0.724210526316,0.920103184171,1,l1,"{'penalty': 'l1', 'C': 1}",19,0.686192468619,0.936440677966,0.762711864407,0.903765690377,0.0,0.0,0.0382589348118,0.0163374937948
1,0.00300002098083,0.000999927520752,0.724210526316,0.924260690731,1,l2,"{'penalty': 'l2', 'C': 1}",19,0.698744769874,0.932203389831,0.75,0.916317991632,0.00100016593933,0.0,0.0256271039252,0.00794269909935
2,0.005499958992,0.000499963760376,0.736842105263,0.941076873981,2,l1,"{'penalty': 'l1', 'C': 2}",18,0.71129707113,0.944915254237,0.762711864407,0.937238493724,0.000500082969666,0.000499963760376,0.0257068839097,0.00383838025672
3,0.00299990177155,0.000500082969666,0.747368421053,0.938958229913,2,l2,"{'penalty': 'l2', 'C': 2}",14,0.715481171548,0.940677966102,0.779661016949,0.937238493724,0.00100004673004,0.000500082969666,0.0320892826735,0.00171973618892
4,0.00850009918213,0.0,0.745263157895,0.955801007021,3,l1,"{'penalty': 'l1', 'C': 3}",15,0.728033472803,0.957627118644,0.762711864407,0.953974895397,0.00349998474121,0.0,0.017338849975,0.00182611162329
5,0.00399994850159,0.0,0.762105263158,0.945260974399,3,l2,"{'penalty': 'l2', 'C': 3}",8,0.728033472803,0.944915254237,0.796610169492,0.945606694561,0.0,0.0,0.0342876644699,0.000345720161691
6,0.00950002670288,0.000499963760376,0.745263157895,0.962103751507,4,l1,"{'penalty': 'l1', 'C': 4}",15,0.728033472803,0.96186440678,0.762711864407,0.962343096234,0.00250005722046,0.000499963760376,0.017338849975,0.000239344727324
7,0.00349998474121,0.000999927520752,0.768421052632,0.947353024608,4,l2,"{'penalty': 'l2', 'C': 4}",6,0.732217573222,0.944915254237,0.805084745763,0.949790794979,0.000499963760376,0.0,0.03643285961,0.0024377703709
8,0.00899994373322,0.000999927520752,0.743157894737,0.964222395575,5,l1,"{'penalty': 'l1', 'C': 5}",17,0.715481171548,0.966101694915,0.771186440678,0.962343096234,0.00199997425079,0.0,0.0278520790498,0.00187929934047
9,0.00399994850159,0.000500082969666,0.768421052632,0.953708956812,5,l2,"{'penalty': 'l2', 'C': 5}",6,0.728033472803,0.957627118644,0.809322033898,0.949790794979,0.000999927520752,0.000500082969666,0.0406434699055,0.00391816183249
10,0.0105000734329,0.000999927520752,0.749473684211,0.974709240479,6,l1,"{'penalty': 'l1', 'C': 6}",13,0.719665271967,0.970338983051,0.779661016949,0.979079497908,0.000500082969666,0.0,0.0299972741898,0.00437025742855
11,0.00400006771088,0.000999927520752,0.772631578947,0.953708956812,6,l2,"{'penalty': 'l2', 'C': 6}",5,0.732217573222,0.957627118644,0.813559322034,0.949790794979,0.00100004673004,0.0,0.0406700632337,0.00391816183249
12,0.010999917984,0.000499963760376,0.757894736842,0.974709240479,7,l1,"{'penalty': 'l1', 'C': 7}",9,0.723849372385,0.970338983051,0.792372881356,0.979079497908,0.00300002098083,0.000499963760376,0.0342610711418,0.00437025742855
13,0.00399994850159,0.000499963760376,0.774736842105,0.960038295156,7,l2,"{'penalty': 'l2', 'C': 7}",4,0.740585774059,0.966101694915,0.809322033898,0.953974895397,0.000999927520752,0.000499963760376,0.0343674444545,0.00606339975888
14,0.0125000476837,0.000999927520752,0.757894736842,0.974709240479,8,l1,"{'penalty': 'l1', 'C': 8}",9,0.723849372385,0.970338983051,0.792372881356,0.979079497908,0.00250005722046,0.0,0.0342610711418,0.00437025742855
15,0.00499999523163,0.00100016593933,0.781052631579,0.966341039643,8,l2,"{'penalty': 'l2', 'C': 8}",2,0.748953974895,0.970338983051,0.813559322034,0.962343096234,0.00100004673004,0.0,0.032302029299,0.00399794340827
16,0.00999999046326,0.00100004673004,0.755789473684,0.976827884547,9,l1,"{'penalty': 'l1', 'C': 9}",11,0.723849372385,0.974576271186,0.78813559322,0.979079497908,0.0019998550415,1.19209289551e-07,0.0321424693299,0.00225161336075
17,0.00500011444092,0.0,0.781052631579,0.966341039643,9,l2,"{'penalty': 'l2', 'C': 9}",2,0.744769874477,0.970338983051,0.817796610169,0.962343096234,0.000999927520752,0.0,0.0365126395945,0.00399794340827
18,0.00950002670288,0.000999927520752,0.751578947368,0.978919934756,10,l1,"{'penalty': 'l1', 'C': 10}",12,0.723849372385,0.974576271186,0.779661016949,0.983263598326,0.00250005722046,0.0,0.0279052657061,0.00434366356996
19,0.00499987602234,0.0,0.785263157895,0.966341039643,10,l2,"{'penalty': 'l2', 'C': 10}",1,0.748953974895,0.970338983051,0.822033898305,0.962343096234,0.000999927520752,0.0,0.0365392329227,0.00399794340827
