,mean_fit_time,mean_score_time,mean_test_score,mean_train_score,param_C,param_penalty,params,rank_test_score,split0_test_score,split0_train_score,split1_test_score,split1_train_score,std_fit_time,std_score_time,std_test_score,std_train_score
0,0.00349998474121,0.00100016593933,0.736842105263,0.924367066166,1,l1,"{'penalty': 'l1', 'C': 1}",16,0.677824267782,0.949152542373,0.796610169492,0.899581589958,0.000499963760376,0.0,0.0593917662742,0.0247854762074
1,0.00300002098083,0.000500082969666,0.738947368421,0.922248422098,1,l2,"{'penalty': 'l2', 'C': 1}",15,0.677824267782,0.944915254237,0.800847457627,0.899581589958,0.0,0.000500082969666,0.0615103680861,0.0226668321396
2,0.00650000572205,0.000499963760376,0.743157894737,0.939064605347,2,l1,"{'penalty': 'l1', 'C': 2}",9,0.686192468619,0.957627118644,0.800847457627,0.92050209205,0.00149989128113,0.000499963760376,0.0573263511187,0.0185625132969
3,0.00300002098083,0.00100004673004,0.732631578947,0.930643216793,2,l2,"{'penalty': 'l2', 'C': 2}",19,0.669456066946,0.949152542373,0.796610169492,0.912133891213,0.000999927520752,1.19209289551e-07,0.0635757832416,0.0185093255797
4,0.00849986076355,0.000500082969666,0.751578947368,0.947485993901,3,l1,"{'penalty': 'l1', 'C': 3}",6,0.694560669456,0.966101694915,0.809322033898,0.928870292887,0.00250005722046,0.000500082969666,0.057379537775,0.0186157010141
5,0.00349986553192,0.00100004673004,0.736842105263,0.941156655556,3,l2,"{'penalty': 'l2', 'C': 3}",16,0.673640167364,0.957627118644,0.800847457627,0.924686192469,0.000500082969666,1.19209289551e-07,0.0636023765697,0.0164704630877
6,0.00899994373322,0.000499963760376,0.751578947368,0.949604637969,4,l1,"{'penalty': 'l1', 'C': 4}",6,0.694560669456,0.970338983051,0.809322033898,0.928870292887,0.00100004673004,0.000499963760376,0.057379537775,0.0207343450819
7,0.00349998474121,0.000499963760376,0.732631578947,0.939064605347,4,l2,"{'penalty': 'l2', 'C': 4}",19,0.669456066946,0.957627118644,0.796610169492,0.92050209205,0.000499963760376,0.000499963760376,0.0635757832416,0.0185625132969
8,0.00899994373322,0.000499963760376,0.749473684211,0.94751258776,5,l1,"{'penalty': 'l1', 'C': 5}",8,0.690376569038,0.970338983051,0.809322033898,0.924686192469,0.00199997425079,0.000499963760376,0.0594715462587,0.0228263952911
9,0.00450003147125,0.000500082969666,0.736842105263,0.939091199206,5,l2,"{'penalty': 'l2', 'C': 5}",16,0.673640167364,0.96186440678,0.800847457627,0.916317991632,0.000500082969666,0.000500082969666,0.0636023765697,0.0227732075739
10,0.0115000009537,0.000500082969666,0.755789473684,0.951723282037,6,l1,"{'penalty': 'l1', 'C': 6}",4,0.694560669456,0.974576271186,0.817796610169,0.928870292887,0.00249993801117,0.000500082969666,0.0616167413988,0.0228529891497
11,0.00349998474121,0.00100016593933,0.741052631579,0.945393943692,6,l2,"{'penalty': 'l2', 'C': 6}",11,0.677824267782,0.966101694915,0.805084745763,0.924686192469,0.000499963760376,0.0,0.0636289698979,0.0207077512233
12,0.0135000944138,0.000999927520752,0.755789473684,0.960144670591,7,l1,"{'penalty': 'l1', 'C': 7}",4,0.694560669456,0.983050847458,0.817796610169,0.937238493724,0.00249993801117,0.0,0.0616167413988,0.0229061768669
13,0.00400006771088,0.000999927520752,0.741052631579,0.945393943692,7,l2,"{'penalty': 'l2', 'C': 7}",11,0.677824267782,0.966101694915,0.805084745763,0.924686192469,0.00100004673004,0.0,0.0636289698979,0.0207077512233
14,0.0130000114441,0.00100004673004,0.774736842105,0.970631515495,8,l1,"{'penalty': 'l1', 'C': 8}",1,0.694560669456,0.987288135593,0.85593220339,0.953974895397,0.00400018692017,1.19209289551e-07,0.0806841577056,0.0166566200979
15,0.0039998292923,0.00100016593933,0.741052631579,0.947485993901,8,l2,"{'penalty': 'l2', 'C': 8}",11,0.677824267782,0.966101694915,0.805084745763,0.928870292887,0.00100004673004,0.0,0.0636289698979,0.0186157010141
16,0.0160000324249,0.000999927520752,0.774736842105,0.972723565705,9,l1,"{'penalty': 'l1', 'C': 9}",1,0.698744769874,0.987288135593,0.851694915254,0.958158995816,0.00699996948242,0.0,0.0764735474101,0.0145645698887
17,0.00499999523163,0.000999927520752,0.743157894737,0.947485993901,9,l2,"{'penalty': 'l2', 'C': 9}",9,0.677824267782,0.966101694915,0.809322033898,0.928870292887,0.00100004673004,0.0,0.0657475717098,0.0186157010141
18,0.0164999961853,0.000499963760376,0.768421052632,0.976934259982,10,l1,"{'penalty': 'l1', 'C': 10}",3,0.694560669456,0.991525423729,0.843220338983,0.962343096234,0.00650000572205,0.000499963760376,0.07432835227,0.0145911637473
19,0.00400006771088,0.000999927520752,0.741052631579,0.945393943692,10,l2,"{'penalty': 'l2', 'C': 10}",11,0.677824267782,0.966101694915,0.805084745763,0.924686192469,1.19209289551e-07,0.0,0.0636289698979,0.0207077512233
