,mean_fit_time,mean_score_time,mean_test_score,mean_train_score,param_C,param_penalty,params,rank_test_score,split0_test_score,split0_train_score,split1_test_score,split1_train_score,std_fit_time,std_score_time,std_test_score,std_train_score
0,0.00250005722046,0.00100004673004,0.692631578947,0.89293312531,1,l1,"{'penalty': 'l1', 'C': 1}",19,0.63179916318,0.940677966102,0.754237288136,0.845188284519,0.000499963760376,1.19209289551e-07,0.0612178414761,0.0477448407914
1,0.00300002098083,0.0,0.709473684211,0.899182682079,1,l2,"{'penalty': 'l2', 'C': 1}",18,0.635983263598,0.936440677966,0.783898305085,0.861924686192,0.000999927520752,0.0,0.0739560456755,0.0372579958868
2,0.00300002098083,0.0,0.690526315789,0.915998865329,2,l1,"{'penalty': 'l1', 'C': 2}",20,0.627615062762,0.949152542373,0.754237288136,0.882845188285,0.0,0.0,0.0633098499597,0.0331536770442
3,0.00299990177155,0.0,0.730526315789,0.907577476775,2,l2,"{'penalty': 'l2', 'C': 2}",17,0.635983263598,0.940677966102,0.826271186441,0.874476987448,0.00100004673004,0.0,0.0951420637942,0.033100489327
4,0.00450003147125,0.000999927520752,0.732631578947,0.926512304092,3,l1,"{'penalty': 'l1', 'C': 3}",13,0.635983263598,0.957627118644,0.830508474576,0.89539748954,0.000500082969666,0.0,0.097260665606,0.0311148145522
5,0.00399994850159,0.000499963760376,0.734736842105,0.915998865329,3,l2,"{'penalty': 'l2', 'C': 3}",10,0.627615062762,0.949152542373,0.843220338983,0.882845188285,0.000999927520752,0.000499963760376,0.107800488009,0.0331536770442
6,0.0074999332428,0.00100004673004,0.738947368421,0.934933692646,4,l1,"{'penalty': 'l1', 'C': 4}",2,0.635983263598,0.966101694915,0.843220338983,0.903765690377,0.00349998474121,1.19209289551e-07,0.103616471042,0.0311680022693
7,0.00499999523163,0.0,0.738947368421,0.922301609815,4,l2,"{'penalty': 'l2', 'C': 4}",2,0.63179916318,0.953389830508,0.847457627119,0.891213389121,0.00100004673004,0.0,0.107827081337,0.0310882206936
8,0.00600004196167,0.0,0.741052631579,0.941263030991,5,l1,"{'penalty': 'l1', 'C': 5}",1,0.635983263598,0.974576271186,0.847457627119,0.907949790795,0.000999927520752,0.0,0.105735072854,0.0333132401957
9,0.00349998474121,0.000500082969666,0.732631578947,0.926485710233,5,l2,"{'penalty': 'l2', 'C': 5}",13,0.623430962343,0.953389830508,0.843220338983,0.899581589958,0.00150012969971,0.000500082969666,0.109892496493,0.0269041202752
10,0.00649988651276,0.00100016593933,0.738947368421,0.945447131409,6,l1,"{'penalty': 'l1', 'C': 6}",2,0.635983263598,0.974576271186,0.843220338983,0.916317991632,0.000500082969666,0.0,0.103616471042,0.0291291397773
11,0.00400006771088,0.000499963760376,0.734736842105,0.928604354301,6,l2,"{'penalty': 'l2', 'C': 6}",10,0.623430962343,0.957627118644,0.847457627119,0.899581589958,0.00100004673004,0.000499963760376,0.112011098305,0.029022764343
12,0.00899994373322,0.000499963760376,0.738947368421,0.945447131409,7,l1,"{'penalty': 'l1', 'C': 7}",2,0.635983263598,0.974576271186,0.843220338983,0.916317991632,0.00199997425079,0.000499963760376,0.103616471042,0.0291291397773
13,0.00349998474121,0.00100004673004,0.736842105263,0.930722998369,7,l2,"{'penalty': 'l2', 'C': 7}",8,0.627615062762,0.96186440678,0.847457627119,0.899581589958,0.000500202178955,1.19209289551e-07,0.109919089821,0.0311414084108
14,0.0100001096725,0.000999927520752,0.738947368421,0.945447131409,8,l1,"{'penalty': 'l1', 'C': 8}",2,0.63179916318,0.974576271186,0.847457627119,0.916317991632,0.00299990177155,0.0,0.107827081337,0.0291291397773
15,0.00399994850159,0.000499963760376,0.734736842105,0.932841642437,8,l2,"{'penalty': 'l2', 'C': 8}",10,0.627615062762,0.966101694915,0.843220338983,0.899581589958,0.000999927520752,0.000499963760376,0.107800488009,0.0332600524785
16,0.0115000009537,0.00100004673004,0.738947368421,0.947565775477,9,l1,"{'penalty': 'l1', 'C': 9}",2,0.627615062762,0.978813559322,0.851694915254,0.916317991632,0.00550019741058,1.19209289551e-07,0.112037691633,0.0312477838451
17,0.00450003147125,0.00100004673004,0.732631578947,0.934933692646,9,l2,"{'penalty': 'l2', 'C': 9}",13,0.627615062762,0.966101694915,0.838983050847,0.903765690377,0.000499844551086,1.19209289551e-07,0.105681886197,0.0311680022693
18,0.0110000371933,0.000999927520752,0.736842105263,0.949657825686,10,l1,"{'penalty': 'l1', 'C': 10}",8,0.627615062762,0.978813559322,0.847457627119,0.92050209205,0.00400006771088,0.0,0.109919089821,0.0291557336359
19,0.005499958992,0.0,0.732631578947,0.934933692646,10,l2,"{'penalty': 'l2', 'C': 10}",13,0.627615062762,0.966101694915,0.838983050847,0.903765690377,0.00150001049042,0.0,0.105681886197,0.0311680022693
