,mean_fit_time,mean_score_time,mean_test_score,mean_train_score,param_C,param_penalty,params,rank_test_score,split0_test_score,split0_train_score,split1_test_score,split1_train_score,std_fit_time,std_score_time,std_test_score,std_train_score
0,0.00300002098083,0.0,0.751578947368,0.838007942699,1,l1,"{'penalty': 'l1', 'C': 1}",19,0.690376569038,0.85593220339,0.813559322034,0.820083682008,0.000999927520752,0.0,0.0615901480706,0.0179242606907
1,0.00150012969971,0.000499963760376,0.749473684211,0.831678604354,1,l2,"{'penalty': 'l2', 'C': 1}",20,0.677824267782,0.847457627119,0.822033898305,0.81589958159,0.000499963760376,0.000499963760376,0.0721033771454,0.0157790227643
2,0.00499999523163,0.0,0.76,0.838034536558,2,l1,"{'penalty': 'l1', 'C': 2}",11,0.698744769874,0.860169491525,0.822033898305,0.81589958159,0.00199997425079,0.0,0.061643334727,0.0221349549677
3,0.00150001049042,0.000500082969666,0.753684210526,0.838034536558,2,l2,"{'penalty': 'l2', 'C': 2}",17,0.686192468619,0.860169491525,0.822033898305,0.81589958159,0.000500082969666,0.000500082969666,0.067919360178,0.0221349549677
4,0.00349998474121,0.0,0.764210526316,0.846402737395,3,l1,"{'penalty': 'l1', 'C': 3}",7,0.698744769874,0.860169491525,0.830508474576,0.832635983264,0.000499963760376,0.0,0.0658805383507,0.0137667541309
5,0.00199997425079,0.0,0.753684210526,0.840153180625,3,l2,"{'penalty': 'l2', 'C': 3}",17,0.686192468619,0.864406779661,0.822033898305,0.81589958159,1.19209289551e-07,0.0,0.067919360178,0.0242535990355
6,0.00500011444092,0.0,0.764210526316,0.852732075739,4,l1,"{'penalty': 'l1', 'C': 4}",7,0.698744769874,0.868644067797,0.830508474576,0.836820083682,0.000999927520752,0.0,0.0658805383507,0.0159119920573
7,0.00199997425079,0.0,0.755789473684,0.844390468761,4,l2,"{'penalty': 'l2', 'C': 4}",14,0.690376569038,0.872881355932,0.822033898305,0.81589958159,0.00100004673004,0.0,0.0658273516943,0.0284908871711
8,0.00600004196167,0.000499963760376,0.766315789474,0.854877313666,5,l1,"{'penalty': 'l1', 'C': 5}",6,0.702928870293,0.877118644068,0.830508474576,0.832635983264,0.00300002098083,0.000499963760376,0.063788529867,0.0222413304021
9,0.00150012969971,0.0,0.755789473684,0.844390468761,5,l2,"{'penalty': 'l2', 'C': 5}",14,0.690376569038,0.872881355932,0.822033898305,0.81589958159,0.000499963760376,0.0,0.0658273516943,0.0284908871711
10,0.00650000572205,0.0,0.774736842105,0.859114601801,6,l1,"{'penalty': 'l1', 'C': 6}",2,0.698744769874,0.885593220339,0.851694915254,0.832635983264,0.000499963760376,0.0,0.0764735474101,0.0264786185377
11,0.00150001049042,0.0,0.755789473684,0.848601163038,6,l2,"{'penalty': 'l2', 'C': 6}",14,0.690376569038,0.877118644068,0.822033898305,0.820083682008,0.000500082969666,0.0,0.0658273516943,0.0285174810297
12,0.00600004196167,0.00100004673004,0.776842105263,0.86120665201,7,l1,"{'penalty': 'l1', 'C': 7}",1,0.702928870293,0.885593220339,0.851694915254,0.836820083682,0.00200009346008,1.19209289551e-07,0.0743815389264,0.0243865683285
13,0.00149989128113,0.0,0.757894736842,0.848601163038,7,l2,"{'penalty': 'l2', 'C': 7}",12,0.694560669456,0.877118644068,0.822033898305,0.820083682008,0.000499963760376,0.0,0.0637353432107,0.0285174810297
14,0.0100001096725,0.0,0.772631578947,0.865417346287,8,l1,"{'penalty': 'l1', 'C': 8}",3,0.694560669456,0.889830508475,0.851694915254,0.8410041841,1.19209289551e-07,0.0,0.0785655558937,0.0244131621871
15,0.00149989128113,0.000499963760376,0.757894736842,0.848601163038,8,l2,"{'penalty': 'l2', 'C': 8}",12,0.694560669456,0.877118644068,0.822033898305,0.820083682008,0.000499963760376,0.000499963760376,0.0637353432107,0.0285174810297
16,0.00650000572205,0.000499963760376,0.770526315789,0.865417346287,9,l1,"{'penalty': 'l1', 'C': 9}",4,0.690376569038,0.889830508475,0.851694915254,0.8410041841,0.000499963760376,0.000499963760376,0.0806575643774,0.0244131621871
17,0.00199997425079,0.0,0.762105263158,0.850693213247,9,l2,"{'penalty': 'l2', 'C': 9}",9,0.698744769874,0.877118644068,0.826271186441,0.824267782427,1.19209289551e-07,0.0,0.0637619365388,0.0264254308205
18,0.0104999542236,0.000500082969666,0.768421052632,0.867535990355,10,l1,"{'penalty': 'l1', 'C': 10}",5,0.686192468619,0.89406779661,0.851694915254,0.8410041841,0.00250005722046,0.000500082969666,0.0827495728611,0.0265318062549
19,0.00150001049042,0.000499963760376,0.762105263158,0.850693213247,10,l2,"{'penalty': 'l2', 'C': 10}",9,0.698744769874,0.877118644068,0.826271186441,0.824267782427,0.000500082969666,0.000499963760376,0.0637619365388,0.0264254308205
