,mean_fit_time,mean_score_time,mean_test_score,mean_train_score,param_C,param_penalty,params,rank_test_score,split0_test_score,split0_train_score,split1_test_score,split1_train_score,std_fit_time,std_score_time,std_test_score,std_train_score
0,0.00300002098083,0.000999927520752,0.709473684211,0.882260123396,1,l1,"{'penalty': 'l1', 'C': 1}",16,0.665271966527,0.906779661017,0.754237288136,0.857740585774,0.000999927520752,0.0,0.0444817736065,0.0245195376214
1,0.00349998474121,0.000499963760376,0.709473684211,0.886497411531,1,l2,"{'penalty': 'l2', 'C': 1}",16,0.661087866109,0.915254237288,0.758474576271,0.857740585774,0.000499963760376,0.000499963760376,0.0486923839021,0.028756825757
2,0.00399994850159,0.00100004673004,0.724210526316,0.905379051131,2,l1,"{'penalty': 'l1', 'C': 2}",9,0.65690376569,0.923728813559,0.792372881356,0.887029288703,0.0019998550415,1.19209289551e-07,0.0677332068808,0.0183497624282
3,0.00349998474121,0.00100004673004,0.713684210526,0.90124813843,2,l2,"{'penalty': 'l2', 'C': 2}",14,0.652719665272,0.932203389831,0.775423728814,0.870292887029,0.00149989128113,1.19209289551e-07,0.061350808117,0.0309552514006
4,0.00549983978271,0.00100004673004,0.736842105263,0.922142046663,3,l1,"{'penalty': 'l1', 'C': 3}",8,0.673640167364,0.927966101695,0.800847457627,0.916317991632,0.00250005722046,1.19209289551e-07,0.0636023765697,0.00582405503156
5,0.00349998474121,0.00100004673004,0.72,0.901194950713,3,l2,"{'penalty': 'l2', 'C': 3}",11,0.661087866109,0.923728813559,0.779661016949,0.878661087866,0.000499963760376,1.19209289551e-07,0.0592853929615,0.0225338628466
6,0.00600004196167,0.000499963760376,0.743157894737,0.934800723353,4,l1,"{'penalty': 'l1', 'C': 4}",1,0.682008368201,0.944915254237,0.805084745763,0.924686192469,0.0,0.000499963760376,0.0615369614142,0.0101145308843
7,0.00299990177155,0.00100004673004,0.715789473684,0.90747110134,4,l2,"{'penalty': 'l2', 'C': 4}",13,0.65690376569,0.923728813559,0.775423728814,0.891213389121,0.00100004673004,1.19209289551e-07,0.0592587996333,0.016257712219
8,0.00700008869171,0.0,0.743157894737,0.93901141763,5,l1,"{'penalty': 'l1', 'C': 5}",1,0.682008368201,0.949152542373,0.805084745763,0.928870292887,0.00199997425079,0.0,0.0615369614142,0.0101411247429
9,0.00400006771088,0.000499963760376,0.713684210526,0.913773845827,5,l2,"{'penalty': 'l2', 'C': 5}",14,0.648535564854,0.927966101695,0.779661016949,0.899581589958,0.00100004673004,0.000499963760376,0.0655614184125,0.0141922558684
10,0.0105000734329,0.000499963760376,0.741052631579,0.93901141763,6,l1,"{'penalty': 'l1', 'C': 6}",7,0.690376569038,0.949152542373,0.792372881356,0.928870292887,0.00150001049042,0.000499963760376,0.0509971390113,0.0101411247429
11,0.00349998474121,0.00100004673004,0.709473684211,0.915865896036,6,l2,"{'penalty': 'l2', 'C': 6}",16,0.644351464435,0.927966101695,0.775423728814,0.903765690377,0.000499963760376,1.19209289551e-07,0.0655348250843,0.0121002056592
12,0.0134999752045,0.000499963760376,0.743157894737,0.943248705766,7,l1,"{'penalty': 'l1', 'C': 7}",1,0.698744769874,0.957627118644,0.78813559322,0.928870292887,0.00149989128113,0.000499963760376,0.044694520232,0.0143784128785
13,0.00400006771088,0.000499963760376,0.707368421053,0.915865896036,7,l2,"{'penalty': 'l2', 'C': 7}",19,0.640167364017,0.927966101695,0.775423728814,0.903765690377,0.00100004673004,0.000499963760376,0.067626833568,0.0121002056592
14,0.0149999856949,0.000500082969666,0.743157894737,0.945340755975,8,l1,"{'penalty': 'l1', 'C': 8}",1,0.698744769874,0.957627118644,0.78813559322,0.933054393305,0.00100004673004,0.000500082969666,0.044694520232,0.0122863626693
15,0.00450003147125,0.0,0.707368421053,0.915865896036,8,l2,"{'penalty': 'l2', 'C': 8}",19,0.640167364017,0.927966101695,0.775423728814,0.903765690377,0.000499844551086,0.0,0.067626833568,0.0121002056592
16,0.0144999027252,0.0,0.743157894737,0.945340755975,9,l1,"{'penalty': 'l1', 'C': 9}",1,0.698744769874,0.957627118644,0.78813559322,0.933054393305,0.000499963760376,0.0,0.044694520232,0.0122863626693
17,0.00399994850159,0.00100016593933,0.717894736842,0.917984540104,9,l2,"{'penalty': 'l2', 'C': 9}",12,0.644351464435,0.932203389831,0.792372881356,0.903765690377,0.0,0.0,0.0740092323318,0.014218849727
18,0.0145000219345,0.000999927520752,0.743157894737,0.945340755975,10,l1,"{'penalty': 'l1', 'C': 10}",1,0.698744769874,0.957627118644,0.78813559322,0.933054393305,0.00249993801117,0.0,0.044694520232,0.0122863626693
19,0.00399994850159,0.000500082969666,0.724210526316,0.920076590313,10,l2,"{'penalty': 'l2', 'C': 10}",9,0.652719665272,0.932203389831,0.796610169492,0.907949790795,0.0,0.000500082969666,0.0719438171763,0.0121267995178
