,mean_fit_time,mean_score_time,mean_test_score,mean_train_score,param_C,param_penalty,params,rank_test_score,split0_test_score,split0_train_score,split1_test_score,split1_train_score,std_fit_time,std_score_time,std_test_score,std_train_score
0,0.00250005722046,0.000500082969666,0.732631578947,0.907604070633,1,l1,"{'penalty': 'l1', 'C': 1}",20,0.673640167364,0.944915254237,0.792372881356,0.870292887029,0.000499963760376,0.000500082969666,0.059365172946,0.037311183604
1,0.00250005722046,0.000499963760376,0.738947368421,0.913853627402,1,l2,"{'penalty': 'l2', 'C': 1}",18,0.686192468619,0.940677966102,0.792372881356,0.887029288703,0.000499963760376,0.000499963760376,0.0530891474949,0.0268243386994
2,0.00400006771088,0.000499963760376,0.743157894737,0.93069640451,2,l1,"{'penalty': 'l1', 'C': 2}",11,0.686192468619,0.957627118644,0.800847457627,0.903765690377,0.00100004673004,0.000499963760376,0.0573263511187,0.0269307141337
3,0.00349986553192,0.0,0.749473684211,0.920156371889,2,l2,"{'penalty': 'l2', 'C': 2}",5,0.698744769874,0.944915254237,0.800847457627,0.89539748954,0.000500082969666,0.0,0.0510503256676,0.0247588823488
4,0.00399994850159,0.00100004673004,0.745263157895,0.939064605347,3,l1,"{'penalty': 'l1', 'C': 3}",9,0.686192468619,0.957627118644,0.805084745763,0.92050209205,0.0,1.19209289551e-07,0.0594449529306,0.0185625132969
5,0.0035001039505,0.00100004673004,0.745263157895,0.928551166584,3,l2,"{'penalty': 'l2', 'C': 3}",9,0.694560669456,0.949152542373,0.796610169492,0.907949790795,0.000500082969666,1.19209289551e-07,0.0510237323394,0.020601375789
6,0.00349998474121,0.000999927520752,0.743157894737,0.939064605347,4,l1,"{'penalty': 'l1', 'C': 4}",11,0.677824267782,0.957627118644,0.809322033898,0.92050209205,0.000499963760376,0.0,0.0657475717098,0.0185625132969
7,0.00349998474121,0.000999927520752,0.747368421053,0.93278845472,4,l2,"{'penalty': 'l2', 'C': 4}",7,0.690376569038,0.957627118644,0.805084745763,0.907949790795,0.000499963760376,0.0,0.0573529444469,0.0248386639245
8,0.00450003147125,0.000499963760376,0.743157894737,0.947459400043,5,l1,"{'penalty': 'l1', 'C': 5}",11,0.677824267782,0.96186440678,0.809322033898,0.933054393305,0.000500082969666,0.000499963760376,0.0657475717098,0.0144050067371
9,0.00399994850159,0.000500082969666,0.747368421053,0.93278845472,5,l2,"{'penalty': 'l2', 'C': 5}",7,0.690376569038,0.957627118644,0.805084745763,0.907949790795,0.00100016593933,0.000500082969666,0.0573529444469,0.0248386639245
10,0.00449991226196,0.00100004673004,0.741052631579,0.945340755975,6,l1,"{'penalty': 'l1', 'C': 6}",15,0.673640167364,0.957627118644,0.809322033898,0.933054393305,0.00149989128113,1.19209289551e-07,0.0678395801935,0.0122863626693
11,0.00450015068054,0.000499963760376,0.751578947368,0.936972555138,6,l2,"{'penalty': 'l2', 'C': 6}",2,0.698744769874,0.957627118644,0.805084745763,0.916317991632,0.000499963760376,0.000499963760376,0.0531689274795,0.0206545635061
12,0.00849997997284,0.000499963760376,0.738947368421,0.951616906602,7,l1,"{'penalty': 'l1', 'C': 7}",18,0.673640167364,0.957627118644,0.805084745763,0.945606694561,0.00150001049042,0.000499963760376,0.0657209783816,0.0060102120417
13,0.00399994850159,0.000499963760376,0.749473684211,0.939064605347,7,l2,"{'penalty': 'l2', 'C': 7}",5,0.694560669456,0.957627118644,0.805084745763,0.92050209205,0.000999927520752,0.000499963760376,0.0552609359632,0.0185625132969
14,0.00750005245209,0.00100004673004,0.741052631579,0.95373555067,8,l1,"{'penalty': 'l1', 'C': 8}",15,0.673640167364,0.96186440678,0.809322033898,0.945606694561,0.000499844551086,1.19209289551e-07,0.0678395801935,0.0081288561095
15,0.00449991226196,0.0,0.751578947368,0.939064605347,8,l2,"{'penalty': 'l2', 'C': 8}",2,0.690376569038,0.957627118644,0.813559322034,0.92050209205,0.000499963760376,0.0,0.0615901480706,0.0185625132969
16,0.0110000371933,0.000999927520752,0.741052631579,0.955854194738,9,l1,"{'penalty': 'l1', 'C': 9}",15,0.673640167364,0.966101694915,0.809322033898,0.945606694561,0.00299990177155,0.0,0.0678395801935,0.0102475001773
17,0.005499958992,0.0,0.751578947368,0.936945961279,9,l2,"{'penalty': 'l2', 'C': 9}",2,0.690376569038,0.953389830508,0.813559322034,0.92050209205,0.00150001049042,0.0,0.0615901480706,0.0164438692291
18,0.00999999046326,0.000499963760376,0.743157894737,0.957946244947,10,l1,"{'penalty': 'l1', 'C': 10}",11,0.682008368201,0.966101694915,0.805084745763,0.949790794979,0.00300002098083,0.000499963760376,0.0615369614142,0.00815544996809
19,0.00450003147125,0.00100004673004,0.753684210526,0.936945961279,10,l2,"{'penalty': 'l2', 'C': 10}",1,0.690376569038,0.953389830508,0.817796610169,0.92050209205,0.00150001049042,1.19209289551e-07,0.0637087498825,0.0164438692291
