,mean_fit_time,mean_score_time,mean_test_score,mean_train_score,param_C,param_penalty,params,rank_test_score,split0_test_score,split0_train_score,split1_test_score,split1_train_score,std_fit_time,std_score_time,std_test_score,std_train_score
0,0.00400006771088,0.000999927520752,0.688421052632,0.920156371889,1,l1,"{'penalty': 'l1', 'C': 1}",20,0.623430962343,0.944915254237,0.754237288136,0.89539748954,0.00100004673004,0.0,0.0654018584434,0.0247588823488
1,0.00349998474121,0.00100016593933,0.701052631579,0.922248422098,1,l2,"{'penalty': 'l2', 'C': 1}",19,0.623430962343,0.944915254237,0.779661016949,0.899581589958,0.000499963760376,0.0,0.0781134693146,0.0226668321396
2,0.00450003147125,0.000999927520752,0.709473684211,0.947485993901,2,l1,"{'penalty': 'l1', 'C': 2}",16,0.63179916318,0.966101694915,0.78813559322,0.928870292887,0.000500082969666,0.0,0.078166655971,0.0186157010141
3,0.00249993801117,0.00100016593933,0.703157894737,0.932761860861,2,l2,"{'penalty': 'l2', 'C': 2}",17,0.627615062762,0.953389830508,0.779661016949,0.912133891213,0.000500082969666,0.0,0.076021460831,0.0206279696475
4,0.00600004196167,0.000499963760376,0.715789473684,0.957972838806,3,l1,"{'penalty': 'l1', 'C': 3}",12,0.648535564854,0.970338983051,0.783898305085,0.945606694561,0.000999927520752,0.000499963760376,0.0676800202244,0.0123661442451
5,0.00349998474121,0.00100004673004,0.717894736842,0.941156655556,3,l2,"{'penalty': 'l2', 'C': 3}",10,0.63179916318,0.957627118644,0.805084745763,0.924686192469,0.000500202178955,1.19209289551e-07,0.0866410632185,0.0164704630877
6,0.00599992275238,0.00100004673004,0.713684210526,0.970578327778,4,l1,"{'penalty': 'l1', 'C': 4}",14,0.648535564854,0.978813559322,0.779661016949,0.962343096234,0.00199997425079,1.19209289551e-07,0.0655614184125,0.00823523154386
7,0.00349998474121,0.000499963760376,0.728421052632,0.94957804411,4,l2,"{'penalty': 'l2', 'C': 4}",7,0.640167364017,0.966101694915,0.817796610169,0.933054393305,0.000499963760376,0.000499963760376,0.0888128516867,0.0165236508049
8,0.00650000572205,0.000999927520752,0.715789473684,0.96845968371,5,l1,"{'penalty': 'l1', 'C': 5}",12,0.652719665272,0.974576271186,0.779661016949,0.962343096234,0.00149989128113,0.0,0.0634694099288,0.00611658747607
9,0.00349998474121,0.000499963760376,0.730526315789,0.95167009432,5,l2,"{'penalty': 'l2', 'C': 5}",6,0.644351464435,0.966101694915,0.817796610169,0.937238493724,0.000499963760376,0.000499963760376,0.086720843203,0.0144316005957
10,0.0115000009537,0.0,0.717894736842,0.97055173392,6,l1,"{'penalty': 'l1', 'C': 6}",10,0.65690376569,0.974576271186,0.779661016949,0.966527196653,0.0035001039505,0.0,0.0613774014451,0.00402453726686
11,0.00449991226196,0.0,0.732631578947,0.953762144529,6,l2,"{'penalty': 'l2', 'C': 6}",3,0.648535564854,0.966101694915,0.817796610169,0.941422594142,0.000499963760376,0.0,0.0846288347194,0.0123395503865
12,0.00950002670288,0.00100004673004,0.726315789474,0.972670377987,7,l1,"{'penalty': 'l1', 'C': 7}",8,0.661087866109,0.978813559322,0.792372881356,0.966527196653,0.00450015068054,1.19209289551e-07,0.0656411983971,0.00614318133466
13,0.00399994850159,0.000499963760376,0.732631578947,0.957999432664,7,l2,"{'penalty': 'l2', 'C': 7}",3,0.644351464435,0.974576271186,0.822033898305,0.941422594142,0.000999927520752,0.000499963760376,0.0888394450149,0.0165768385221
14,0.0119999647141,0.000499963760376,0.72,0.972670377987,8,l1,"{'penalty': 'l1', 'C': 8}",9,0.652719665272,0.978813559322,0.78813559322,0.966527196653,0.00400006771088,0.000499963760376,0.0677066135526,0.00614318133466
15,0.00400006771088,0.00100004673004,0.734736842105,0.960091482874,8,l2,"{'penalty': 'l2', 'C': 8}",2,0.644351464435,0.974576271186,0.826271186441,0.945606694561,0.00100004673004,1.19209289551e-07,0.0909580468268,0.0144847883129
16,0.0104999542236,0.00100004673004,0.713684210526,0.972670377987,9,l1,"{'penalty': 'l1', 'C': 9}",14,0.652719665272,0.978813559322,0.775423728814,0.966527196653,0.00449991226196,1.19209289551e-07,0.061350808117,0.00614318133466
17,0.00399994850159,0.0,0.736842105263,0.964302177151,9,l2,"{'penalty': 'l2', 'C': 9}",1,0.644351464435,0.978813559322,0.830508474576,0.949790794979,0.000999927520752,0.0,0.0930766486387,0.0145113821715
18,0.0130000114441,0.000499963760376,0.703157894737,0.974762428197,10,l1,"{'penalty': 'l1', 'C': 10}",17,0.63179916318,0.978813559322,0.775423728814,0.970711297071,0.00399994850159,0.000499963760376,0.0718108505354,0.00405113112545
19,0.00349998474121,0.000499963760376,0.732631578947,0.96639422736,10,l2,"{'penalty': 'l2', 'C': 10}",3,0.644351464435,0.978813559322,0.822033898305,0.953974895397,0.000499963760376,0.000499963760376,0.0888394450149,0.0124193319623
