,mean_fit_time,mean_score_time,mean_test_score,mean_train_score,param_C,param_penalty,params,rank_test_score,split0_test_score,split0_train_score,split1_test_score,split1_train_score,std_fit_time,std_score_time,std_test_score,std_train_score
0,0.00349998474121,0.000499963760376,0.686315789474,0.884298985888,1,l1,"{'penalty': 'l1', 'C': 1}",16,0.652719665272,0.898305084746,0.720338983051,0.870292887029,0.000499963760376,0.000499963760376,0.0338089845626,0.0140060988582
1,0.00349998474121,0.00100016593933,0.688421052632,0.89690447486,1,l2,"{'penalty': 'l2', 'C': 1}",14,0.661087866109,0.906779661017,0.716101694915,0.887029288703,0.000499963760376,0.0,0.0275063657834,0.00987518615701
2,0.00450015068054,0.000499963760376,0.688421052632,0.917931352386,2,l1,"{'penalty': 'l1', 'C': 2}",14,0.65690376569,0.923728813559,0.720338983051,0.912133891213,0.000499963760376,0.000499963760376,0.031716976079,0.00579746117297
3,0.00400006771088,0.0,0.684210526316,0.917904758528,2,l2,"{'penalty': 'l2', 'C': 2}",19,0.661087866109,0.919491525424,0.707627118644,0.916317991632,0.00100004673004,0.0,0.0232691621597,0.00158676689596
4,0.00549983978271,0.000500082969666,0.694736842105,0.924234096873,3,l1,"{'penalty': 'l1', 'C': 3}",8,0.665271966527,0.927966101695,0.724576271186,0.92050209205,0.000499963760376,0.000500082969666,0.0296515609235,0.00373200482235
5,0.00399994850159,0.0,0.684210526316,0.919996808737,3,l2,"{'penalty': 'l2', 'C': 3}",19,0.661087866109,0.919491525424,0.707627118644,0.92050209205,0.000999927520752,0.0,0.0232691621597,0.00050528331324
6,0.00750005245209,0.000499963760376,0.698947368421,0.934800723353,4,l1,"{'penalty': 'l1', 'C': 4}",7,0.669456066946,0.944915254237,0.728813559322,0.924686192469,0.00150001049042,0.000499963760376,0.0296781542516,0.0101145308843
7,0.00400006771088,0.000499963760376,0.686315789474,0.922088858946,4,l2,"{'penalty': 'l2', 'C': 4}",16,0.661087866109,0.919491525424,0.71186440678,0.924686192469,1.19209289551e-07,0.000499963760376,0.0253877639715,0.00259733352245
8,0.00699996948242,0.000999927520752,0.703157894737,0.936892773562,5,l1,"{'penalty': 'l1', 'C': 5}",4,0.669456066946,0.944915254237,0.737288135593,0.928870292887,0.000999927520752,0.0,0.0339153578754,0.00802248067513
9,0.00399994850159,0.0,0.686315789474,0.926326147082,5,l2,"{'penalty': 'l2', 'C': 5}",16,0.661087866109,0.927966101695,0.71186440678,0.924686192469,0.000999927520752,0.0,0.0253877639715,0.00163995461315
10,0.00899994373322,0.000499963760376,0.703157894737,0.943248705766,6,l1,"{'penalty': 'l1', 'C': 6}",4,0.669456066946,0.957627118644,0.737288135593,0.928870292887,0.00100004673004,0.000499963760376,0.0339153578754,0.0143784128785
11,0.00450003147125,0.0,0.692631578947,0.92635274094,6,l2,"{'penalty': 'l2', 'C': 6}",12,0.665271966527,0.932203389831,0.720338983051,0.92050209205,0.00150001049042,0.0,0.0275329591116,0.00585064889015
12,0.010999917984,0.000500082969666,0.707368421053,0.947459400043,7,l1,"{'penalty': 'l1', 'C': 7}",1,0.673640167364,0.96186440678,0.741525423729,0.933054393305,0.0019998550415,0.000500082969666,0.0339419512036,0.0144050067371
13,0.00449991226196,0.000499963760376,0.692631578947,0.92635274094,7,l2,"{'penalty': 'l2', 'C': 7}",12,0.665271966527,0.932203389831,0.720338983051,0.92050209205,0.000499963760376,0.000499963760376,0.0275329591116,0.00585064889015
14,0.0155000686646,0.000999927520752,0.707368421053,0.947459400043,8,l1,"{'penalty': 'l1', 'C': 8}",1,0.673640167364,0.96186440678,0.741525423729,0.933054393305,0.00349998474121,0.0,0.0339419512036,0.0144050067371
15,0.00449991226196,0.000499963760376,0.694736842105,0.928471385008,8,l2,"{'penalty': 'l2', 'C': 8}",8,0.665271966527,0.936440677966,0.724576271186,0.92050209205,0.000499963760376,0.000499963760376,0.0296515609235,0.00796929295795
16,0.017000079155,0.000999927520752,0.705263157895,0.947459400043,9,l1,"{'penalty': 'l1', 'C': 9}",3,0.669456066946,0.96186440678,0.741525423729,0.933054393305,0.00199997425079,0.0,0.0360339596872,0.0144050067371
17,0.00649988651276,0.00100004673004,0.694736842105,0.928471385008,9,l2,"{'penalty': 'l2', 'C': 9}",8,0.665271966527,0.936440677966,0.724576271186,0.92050209205,0.00150001049042,1.19209289551e-07,0.0296515609235,0.00796929295795
18,0.0154999494553,0.00100004673004,0.701052631579,0.94957804411,10,l1,"{'penalty': 'l1', 'C': 10}",6,0.661087866109,0.966101694915,0.741525423729,0.933054393305,0.00349986553192,1.19209289551e-07,0.0402179766546,0.0165236508049
19,0.00499987602234,0.000500082969666,0.694736842105,0.932682079285,10,l2,"{'penalty': 'l2', 'C': 10}",8,0.665271966527,0.940677966102,0.724576271186,0.924686192469,0.000999927520752,0.000500082969666,0.0296515609235,0.00799588681654
