,mean_fit_time,mean_score_time,mean_test_score,mean_train_score,param_C,param_penalty,params,rank_test_score,split0_test_score,split0_train_score,split1_test_score,split1_train_score,std_fit_time,std_score_time,std_test_score,std_train_score
0,0.00449991226196,0.000500082969666,0.715789473684,0.91597227147,1,l1,"{'penalty': 'l1', 'C': 1}",20,0.686192468619,0.944915254237,0.745762711864,0.887029288703,0.000499963760376,0.000500082969666,0.0297845275644,0.0289429827672
1,0.00300002098083,0.000499963760376,0.732631578947,0.918011133962,1,l2,"{'penalty': 'l2', 'C': 1}",19,0.682008368201,0.936440677966,0.783898305085,0.899581589958,0.0,0.000499963760376,0.0509439523549,0.018429544004
2,0.00650000572205,0.000999927520752,0.741052631579,0.941209843274,2,l1,"{'penalty': 'l1', 'C': 2}",18,0.698744769874,0.966101694915,0.783898305085,0.916317991632,0.00150012969971,0.0,0.0425759184201,0.0248918516417
3,0.00349998474121,0.000499963760376,0.766315789474,0.928577760443,2,l2,"{'penalty': 'l2', 'C': 2}",17,0.702928870293,0.953389830508,0.830508474576,0.903765690377,0.000499963760376,0.000499963760376,0.063788529867,0.024812070066
4,0.00650000572205,0.000999927520752,0.768421052632,0.95167009432,3,l1,"{'penalty': 'l1', 'C': 3}",15,0.694560669456,0.966101694915,0.843220338983,0.937238493724,0.000499963760376,0.0,0.07432835227,0.0144316005957
5,0.00300002098083,0.000499963760376,0.778947368421,0.936999148997,3,l2,"{'penalty': 'l2', 'C': 3}",8,0.71129707113,0.96186440678,0.847457627119,0.912133891213,0.0,0.000499963760376,0.0680789201471,0.0248652577831
6,0.00800001621246,0.00100004673004,0.768421052632,0.955854194738,4,l1,"{'penalty': 'l1', 'C': 4}",15,0.694560669456,0.966101694915,0.843220338983,0.945606694561,1.19209289551e-07,1.19209289551e-07,0.07432835227,0.0102475001773
7,0.00300002098083,0.000499963760376,0.789473684211,0.939091199206,4,l2,"{'penalty': 'l2', 'C': 4}",7,0.715481171548,0.96186440678,0.864406779661,0.916317991632,0.000999927520752,0.000499963760376,0.0744613189109,0.0227732075739
8,0.00899994373322,0.0,0.770526315789,0.962156939224,5,l1,"{'penalty': 'l1', 'C': 5}",13,0.698744769874,0.970338983051,0.843220338983,0.953974895397,0.00100004673004,0.0,0.0722363437863,0.00818204382668
9,0.00349998474121,0.000999927520752,0.793684210526,0.939091199206,5,l2,"{'penalty': 'l2', 'C': 5}",6,0.719665271967,0.96186440678,0.868644067797,0.916317991632,0.000499963760376,0.0,0.0744879122391,0.0227732075739
10,0.00849997997284,0.00100004673004,0.776842105263,0.96639422736,6,l1,"{'penalty': 'l1', 'C': 6}",9,0.702928870293,0.978813559322,0.851694915254,0.953974895397,0.000499844551086,1.19209289551e-07,0.0743815389264,0.0124193319623
11,0.00400006771088,0.000999927520752,0.8,0.939091199206,6,l2,"{'penalty': 'l2', 'C': 6}",3,0.728033472803,0.96186440678,0.872881355932,0.916317991632,1.19209289551e-07,0.0,0.0724224970836,0.0227732075739
12,0.0135000944138,0.0,0.776842105263,0.96639422736,7,l1,"{'penalty': 'l1', 'C': 7}",9,0.702928870293,0.978813559322,0.851694915254,0.953974895397,0.000500082969666,0.0,0.0743815389264,0.0124193319623
13,0.00449991226196,0.000499963760376,0.797894736842,0.941183249415,7,l2,"{'penalty': 'l2', 'C': 7}",4,0.728033472803,0.96186440678,0.868644067797,0.92050209205,0.000499963760376,0.000499963760376,0.0703038952717,0.0206811573647
14,0.0134999752045,0.00100004673004,0.776842105263,0.968512871428,8,l1,"{'penalty': 'l1', 'C': 8}",9,0.698744769874,0.983050847458,0.85593220339,0.953974895397,0.000499963760376,1.19209289551e-07,0.0785921492219,0.0145379760301
15,0.00399994850159,0.000999927520752,0.795789473684,0.945367349833,8,l2,"{'penalty': 'l2', 'C': 8}",5,0.723849372385,0.96186440678,0.868644067797,0.928870292887,0.0,0.0,0.0723959037554,0.0164970569463
16,0.0155000686646,0.0,0.772631578947,0.968512871428,9,l1,"{'penalty': 'l1', 'C': 9}",12,0.690376569038,0.983050847458,0.85593220339,0.953974895397,0.000499963760376,0.0,0.0827761661893,0.0145379760301
17,0.00450003147125,0.000999927520752,0.802105263158,0.949551450252,9,l2,"{'penalty': 'l2', 'C': 9}",2,0.732217573222,0.96186440678,0.872881355932,0.937238493724,0.00150001049042,0.0,0.0703304885999,0.0123129565279
18,0.0154999494553,0.0,0.770526315789,0.968512871428,10,l1,"{'penalty': 'l1', 'C': 10}",13,0.686192468619,0.983050847458,0.85593220339,0.953974895397,0.000500082969666,0.0,0.084868174673,0.0145379760301
19,0.00499999523163,0.000999927520752,0.804210526316,0.949551450252,10,l2,"{'penalty': 'l2', 'C': 10}",1,0.73640167364,0.96186440678,0.872881355932,0.937238493724,0.00100004673004,0.0,0.0682384801162,0.0123129565279
