,mean_fit_time,mean_score_time,mean_test_score,mean_train_score,param_C,param_penalty,params,rank_test_score,split0_test_score,split0_train_score,split1_test_score,split1_train_score,std_fit_time,std_score_time,std_test_score,std_train_score
0,0.00300002098083,0.000999927520752,0.694736842105,0.899129494362,1,l1,"{'penalty': 'l1', 'C': 1}",20,0.669456066946,0.927966101695,0.720338983051,0.870292887029,0.0,0.0,0.0254409506279,0.0288366073328
1,0.00400006771088,0.000499963760376,0.722105263158,0.901194950713,1,l2,"{'penalty': 'l2', 'C': 1}",18,0.694560669456,0.923728813559,0.75,0.878661087866,0.00100004673004,0.000499963760376,0.0277191124089,0.0225338628466
2,0.00449991226196,0.00100004673004,0.72,0.920103184171,2,l1,"{'penalty': 'l1', 'C': 2}",19,0.690376569038,0.936440677966,0.75,0.903765690377,0.000499963760376,1.19209289551e-07,0.0298111208926,0.0163374937948
3,0.00400006771088,0.000999927520752,0.730526315789,0.920103184171,2,l2,"{'penalty': 'l2', 'C': 2}",17,0.694560669456,0.936440677966,0.766949152542,0.903765690377,0.00100004673004,0.0,0.0361935196563,0.0163374937948
4,0.00600004196167,0.000499963760376,0.732631578947,0.934800723353,3,l1,"{'penalty': 'l1', 'C': 3}",16,0.715481171548,0.944915254237,0.75,0.924686192469,0.0,0.000499963760376,0.0172590699904,0.0101145308843
5,0.00349998474121,0.00100004673004,0.734736842105,0.928471385008,3,l2,"{'penalty': 'l2', 'C': 3}",15,0.694560669456,0.936440677966,0.775423728814,0.92050209205,0.000499963760376,1.19209289551e-07,0.0404307232801,0.00796929295795
6,0.00650000572205,0.000999927520752,0.741052631579,0.945314162116,4,l1,"{'penalty': 'l1', 'C': 4}",11,0.719665271967,0.953389830508,0.762711864407,0.937238493724,0.00150012969971,0.0,0.0215228669423,0.00807566839231
7,0.00450003147125,0.000999927520752,0.736842105263,0.936892773562,4,l2,"{'penalty': 'l2', 'C': 4}",14,0.694560669456,0.944915254237,0.779661016949,0.928870292887,0.000499844551086,0.0,0.042549325092,0.00802248067513
8,0.00950002670288,0.000999927520752,0.745263157895,0.953708956812,5,l1,"{'penalty': 'l1', 'C': 5}",6,0.723849372385,0.957627118644,0.766949152542,0.949790794979,0.00349998474121,0.0,0.0215494602705,0.00391816183249
9,0.00400006771088,0.000499963760376,0.743157894737,0.936892773562,5,l2,"{'penalty': 'l2', 'C': 5}",9,0.698744769874,0.944915254237,0.78813559322,0.928870292887,0.00100004673004,0.000499963760376,0.044694520232,0.00802248067513
10,0.00899994373322,0.000500082969666,0.751578947368,0.949524856393,6,l1,"{'penalty': 'l1', 'C': 6}",5,0.719665271967,0.957627118644,0.783898305085,0.941422594142,0.00400006771088,0.000500082969666,0.0321158760017,0.0081022622509
11,0.00399994850159,0.00100004673004,0.743157894737,0.941103467839,6,l2,"{'penalty': 'l2', 'C': 6}",9,0.702928870293,0.949152542373,0.783898305085,0.933054393305,0.000999927520752,1.19209289551e-07,0.0404839099364,0.00804907453372
12,0.0130000114441,0.000999927520752,0.753684210526,0.955880788597,7,l1,"{'penalty': 'l1', 'C': 7}",2,0.719665271967,0.970338983051,0.78813559322,0.941422594142,0.00300002098083,0.0,0.0342344778136,0.0144581944543
13,0.00400006771088,0.000999927520752,0.745263157895,0.945340755975,7,l2,"{'penalty': 'l2', 'C': 7}",6,0.707112970711,0.957627118644,0.783898305085,0.933054393305,0.00100004673004,0.0,0.0383919014528,0.0122863626693
14,0.0124999284744,0.00100004673004,0.755789473684,0.957972838806,8,l1,"{'penalty': 'l1', 'C': 8}",1,0.71129707113,0.970338983051,0.800847457627,0.945606694561,0.00450003147125,1.19209289551e-07,0.0447743002166,0.0123661442451
15,0.00449991226196,0.00100004673004,0.741052631579,0.945340755975,8,l2,"{'penalty': 'l2', 'C': 8}",11,0.702928870293,0.957627118644,0.779661016949,0.933054393305,0.000499963760376,1.19209289551e-07,0.0383653081246,0.0122863626693
16,0.0145000219345,0.000999927520752,0.753684210526,0.960091482874,9,l1,"{'penalty': 'l1', 'C': 9}",2,0.707112970711,0.974576271186,0.800847457627,0.945606694561,0.00249993801117,0.0,0.0468663087002,0.0144847883129
17,0.00499999523163,0.000500082969666,0.738947368421,0.947459400043,9,l2,"{'penalty': 'l2', 'C': 9}",13,0.698744769874,0.96186440678,0.779661016949,0.933054393305,0.00100004673004,0.000500082969666,0.0404573166083,0.0144050067371
18,0.0140000581741,0.000999927520752,0.753684210526,0.960091482874,10,l1,"{'penalty': 'l1', 'C': 10}",2,0.707112970711,0.974576271186,0.800847457627,0.945606694561,0.00199997425079,0.0,0.0468663087002,0.0144847883129
19,0.00499999523163,0.000499963760376,0.745263157895,0.947459400043,10,l2,"{'penalty': 'l2', 'C': 10}",6,0.71129707113,0.96186440678,0.779661016949,0.933054393305,0.00100004673004,0.000499963760376,0.0341812911572,0.0144050067371
