,mean_fit_time,mean_score_time,mean_test_score,mean_train_score,param_C,param_penalty,params,rank_test_score,split0_test_score,split0_train_score,split1_test_score,split1_train_score,std_fit_time,std_score_time,std_test_score,std_train_score
0,0.00349998474121,0.000499963760376,0.68,0.846455925112,1,l1,"{'penalty': 'l1', 'C': 1}",20,0.640167364017,0.868644067797,0.720338983051,0.824267782427,0.000499963760376,0.000499963760376,0.0400850100137,0.0221881426849
1,0.00299990177155,0.00100016593933,0.698947368421,0.859114601801,1,l2,"{'penalty': 'l2', 'C': 1}",18,0.610878661088,0.885593220339,0.78813559322,0.832635983264,0.00100004673004,0.0,0.0886266983895,0.0264786185377
2,0.00349998474121,0.00100004673004,0.717894736842,0.880194667045,2,l1,"{'penalty': 'l1', 'C': 2}",9,0.648535564854,0.911016949153,0.78813559322,0.849372384937,0.00149989128113,1.19209289551e-07,0.0697986220363,0.0308222821077
3,0.00300002098083,0.000999927520752,0.694736842105,0.863325296078,2,l2,"{'penalty': 'l2', 'C': 2}",19,0.606694560669,0.889830508475,0.783898305085,0.836820083682,0.000999927520752,0.0,0.0886001050613,0.0265052123963
4,0.00650000572205,0.000499963760376,0.732631578947,0.892826749876,3,l1,"{'penalty': 'l1', 'C': 3}",8,0.665271966527,0.923728813559,0.800847457627,0.861924686192,0.00149989128113,0.000499963760376,0.0677863935371,0.0309020636834
5,0.00349998474121,0.00100004673004,0.701052631579,0.875957378909,3,l2,"{'penalty': 'l2', 'C': 3}",15,0.610878661088,0.902542372881,0.792372881356,0.849372384937,0.00149989128113,1.19209289551e-07,0.0907453002013,0.0265849939721
6,0.00899994373322,0.000499963760376,0.734736842105,0.90124813843,4,l1,"{'penalty': 'l1', 'C': 4}",5,0.669456066946,0.932203389831,0.800847457627,0.870292887029,0.00100004673004,0.000499963760376,0.0656943850534,0.0309552514006
7,0.00450003147125,0.0,0.701052631579,0.880168073186,4,l2,"{'penalty': 'l2', 'C': 4}",15,0.619246861925,0.906779661017,0.783898305085,0.853556485356,0.00150001049042,0.0,0.0823240796102,0.0266115878307
8,0.0115000009537,0.000999927520752,0.736842105263,0.905458832707,5,l1,"{'penalty': 'l1', 'C': 5}",4,0.669456066946,0.936440677966,0.805084745763,0.874476987448,0.00150001049042,0.0,0.0678129868653,0.0309818452592
9,0.005499958992,0.000500082969666,0.701052631579,0.888562867882,5,l2,"{'penalty': 'l2', 'C': 5}",15,0.623430962343,0.911016949153,0.779661016949,0.866108786611,0.00150001049042,0.000500082969666,0.0781134693146,0.0224540812708
10,0.0159999132156,0.000500082969666,0.743157894737,0.913853627402,6,l1,"{'penalty': 'l1', 'C': 6}",1,0.669456066946,0.940677966102,0.817796610169,0.887029288703,0.00299990177155,0.000500082969666,0.0741687923009,0.0268243386994
11,0.005499958992,0.0,0.705263157895,0.888562867882,6,l2,"{'penalty': 'l2', 'C': 6}",10,0.627615062762,0.911016949153,0.783898305085,0.866108786611,0.00150001049042,0.0,0.0781400626428,0.0224540812708
12,0.0190000534058,0.000499963760376,0.743157894737,0.918037727821,7,l1,"{'penalty': 'l1', 'C': 7}",1,0.669456066946,0.940677966102,0.817796610169,0.89539748954,0.00600004196167,0.000499963760376,0.0741687923009,0.022640238281
13,0.00449991226196,0.00100004673004,0.705263157895,0.890654918091,7,l2,"{'penalty': 'l2', 'C': 7}",10,0.627615062762,0.911016949153,0.783898305085,0.870292887029,0.00150012969971,1.19209289551e-07,0.0781400626428,0.0203620310616
14,0.0199999809265,0.000999927520752,0.743157894737,0.918037727821,8,l1,"{'penalty': 'l1', 'C': 8}",1,0.669456066946,0.940677966102,0.817796610169,0.89539748954,0.00399994850159,0.0,0.0741687923009,0.022640238281
15,0.00500011444092,0.000499963760376,0.703157894737,0.892773562159,8,l2,"{'penalty': 'l2', 'C': 8}",13,0.623430962343,0.915254237288,0.783898305085,0.870292887029,0.000999927520752,0.000499963760376,0.0802320711265,0.0224806751294
16,0.0210000276566,0.000499963760376,0.734736842105,0.92012977803,9,l1,"{'penalty': 'l1', 'C': 9}",5,0.652719665272,0.940677966102,0.817796610169,0.899581589958,0.00499999523163,0.000499963760376,0.0825368262357,0.0205481880718
17,0.005499958992,0.0,0.703157894737,0.896984256436,9,l2,"{'penalty': 'l2', 'C': 9}",13,0.627615062762,0.919491525424,0.779661016949,0.874476987448,0.00150001049042,0.0,0.076021460831,0.022507268988
18,0.0199999809265,0.000499963760376,0.734736842105,0.920156371889,10,l1,"{'penalty': 'l1', 'C': 10}",5,0.652719665272,0.944915254237,0.817796610169,0.89539748954,0.00399994850159,0.000499963760376,0.0825368262357,0.0247588823488
19,0.00499999523163,0.00100004673004,0.705263157895,0.899076306645,10,l2,"{'penalty': 'l2', 'C': 10}",10,0.627615062762,0.919491525424,0.783898305085,0.878661087866,0.00199997425079,1.19209289551e-07,0.0781400626428,0.0204152187788
