,mean_fit_time,mean_score_time,mean_test_score,mean_train_score,param_C,param_penalty,params,rank_test_score,split0_test_score,split0_train_score,split1_test_score,split1_train_score,std_fit_time,std_score_time,std_test_score,std_train_score
0,0.00299990177155,0.000500082969666,0.682105263158,0.886444223814,1,l1,"{'penalty': 'l1', 'C': 1}",20,0.635983263598,0.906779661017,0.728813559322,0.866108786611,1.19209289551e-07,0.000500082969666,0.0464142221211,0.020335437203
1,0.00300002098083,0.00100004673004,0.696842105263,0.905325863414,1,l2,"{'penalty': 'l2', 'C': 1}",19,0.648535564854,0.915254237288,0.745762711864,0.89539748954,0.0,1.19209289551e-07,0.0486126039176,0.00992837387419
2,0.00450003147125,0.000999927520752,0.698947368421,0.90747110134,2,l1,"{'penalty': 'l1', 'C': 2}",18,0.648535564854,0.923728813559,0.75,0.891213389121,0.000499844551086,0.0,0.0507312057294,0.016257712219
3,0.00300002098083,0.000499963760376,0.707368421053,0.913720658109,2,l2,"{'penalty': 'l2', 'C': 2}",14,0.648535564854,0.919491525424,0.766949152542,0.907949790795,0.0,0.000499963760376,0.0592056129769,0.00577086731437
4,0.00650000572205,0.00150001049042,0.705263157895,0.922168640522,3,l1,"{'penalty': 'l1', 'C': 3}",15,0.648535564854,0.932203389831,0.762711864407,0.912133891213,0.00250005722046,0.000500082969666,0.057087011165,0.0100347493086
5,0.00449991226196,0.00100016593933,0.709473684211,0.920049996454,3,l2,"{'penalty': 'l2', 'C': 3}",13,0.652719665272,0.927966101695,0.766949152542,0.912133891213,0.000499963760376,0.0,0.0571136044932,0.00791610524076
6,0.00450003147125,0.000999927520752,0.703157894737,0.92428728459,4,l1,"{'penalty': 'l1', 'C': 4}",16,0.644351464435,0.936440677966,0.762711864407,0.912133891213,0.000500082969666,0.0,0.0591790196487,0.0121533933764
7,0.00449991226196,0.0,0.715789473684,0.913747251968,4,l2,"{'penalty': 'l2', 'C': 4}",4,0.665271966527,0.923728813559,0.766949152542,0.903765690377,0.000499963760376,0.0,0.0508375790422,0.00998156159138
8,0.00550007820129,0.000999927520752,0.703157894737,0.936866179704,5,l1,"{'penalty': 'l1', 'C': 5}",16,0.648535564854,0.940677966102,0.758474576271,0.933054393305,0.000499963760376,0.0,0.0549684093532,0.00381178639813
9,0.00449991226196,0.000500082969666,0.713684210526,0.915839302177,5,l2,"{'penalty': 'l2', 'C': 5}",8,0.661087866109,0.923728813559,0.766949152542,0.907949790795,0.000499963760376,0.000500082969666,0.0529295875258,0.00788951138217
10,0.00899994373322,0.000500082969666,0.717894736842,0.936866179704,6,l1,"{'penalty': 'l1', 'C': 6}",3,0.661087866109,0.940677966102,0.775423728814,0.933054393305,0.00100004673004,0.000500082969666,0.0571667911496,0.00381178639813
11,0.00450015068054,0.0,0.715789473684,0.915839302177,6,l2,"{'penalty': 'l2', 'C': 6}",4,0.665271966527,0.923728813559,0.766949152542,0.907949790795,0.000499963760376,0.0,0.0508375790422,0.00788951138217
12,0.00899994373322,0.000499963760376,0.715789473684,0.938984823771,7,l1,"{'penalty': 'l1', 'C': 7}",4,0.661087866109,0.944915254237,0.771186440678,0.933054393305,0.00199997425079,0.000499963760376,0.0550481893377,0.00593043046592
13,0.00450003147125,0.000499963760376,0.713684210526,0.915839302177,7,l2,"{'penalty': 'l2', 'C': 7}",8,0.665271966527,0.923728813559,0.762711864407,0.907949790795,0.000500082969666,0.000499963760376,0.0487189772303,0.00788951138217
14,0.0115000009537,0.00100004673004,0.711578947368,0.941103467839,8,l1,"{'penalty': 'l1', 'C': 8}",11,0.65690376569,0.949152542373,0.766949152542,0.933054393305,0.00250017642975,1.19209289551e-07,0.0550215960095,0.00804907453372
15,0.00500011444092,0.000999927520752,0.713684210526,0.920049996454,8,l2,"{'penalty': 'l2', 'C': 8}",8,0.665271966527,0.927966101695,0.762711864407,0.912133891213,0.0,0.0,0.0487189772303,0.00791610524076
16,0.0154999494553,0.00100004673004,0.711578947368,0.945314162116,9,l1,"{'penalty': 'l1', 'C': 9}",11,0.65690376569,0.953389830508,0.766949152542,0.937238493724,0.000500082969666,1.19209289551e-07,0.0550215960095,0.00807566839231
17,0.00550007820129,0.000499963760376,0.722105263158,0.924234096873,9,l2,"{'penalty': 'l2', 'C': 9}",2,0.673640167364,0.927966101695,0.771186440678,0.92050209205,0.000499963760376,0.000499963760376,0.0487721638867,0.00373200482235
18,0.0139999389648,0.00100004673004,0.715789473684,0.947406212325,10,l1,"{'penalty': 'l1', 'C': 10}",4,0.661087866109,0.953389830508,0.771186440678,0.941422594142,0.00300002098083,1.19209289551e-07,0.0550481893377,0.00598361818311
19,0.00550007820129,0.0,0.726315789474,0.926326147082,10,l2,"{'penalty': 'l2', 'C': 10}",1,0.677824267782,0.927966101695,0.775423728814,0.924686192469,0.000499963760376,0.0,0.0487987572148,0.00163995461315
