,mean_fit_time,mean_score_time,mean_test_score,mean_train_score,param_C,param_penalty,params,rank_test_score,split0_test_score,split0_train_score,split1_test_score,split1_train_score,std_fit_time,std_score_time,std_test_score,std_train_score
0,0.00349998474121,0.000499963760376,0.715789473684,0.926326147082,1,l1,"{'penalty': 'l1', 'C': 1}",20,0.682008368201,0.927966101695,0.75,0.924686192469,0.000499963760376,0.000499963760376,0.0339951378599,0.00163995461315
1,0.00399994850159,0.0,0.717894736842,0.93466775406,1,l2,"{'penalty': 'l2', 'C': 1}",19,0.677824267782,0.923728813559,0.758474576271,0.945606694561,0.000999927520752,0.0,0.0403243499674,0.0109389405007
2,0.00449991226196,0.00100004673004,0.749473684211,0.941023686263,2,l1,"{'penalty': 'l1', 'C': 2}",16,0.707112970711,0.936440677966,0.792372881356,0.945606694561,0.000499963760376,1.19209289551e-07,0.0426291050765,0.00458300829728
3,0.0035001039505,0.000499963760376,0.734736842105,0.938905042196,2,l2,"{'penalty': 'l2', 'C': 2}",18,0.686192468619,0.932203389831,0.783898305085,0.945606694561,0.000500082969666,0.000499963760376,0.0488519438712,0.00670165236508
4,0.00600004196167,0.000999927520752,0.764210526316,0.951563718885,3,l1,"{'penalty': 'l1', 'C': 3}",8,0.715481171548,0.949152542373,0.813559322034,0.953974895397,0.0,0.0,0.0490380971685,0.0024111765123
5,0.00300002098083,0.000999927520752,0.745263157895,0.940997092405,3,l2,"{'penalty': 'l2', 'C': 3}",17,0.690376569038,0.932203389831,0.800847457627,0.949790794979,0.0,0.0,0.055234342635,0.00879370257429
6,0.00899994373322,0.00100004673004,0.772631578947,0.95789305723,4,l1,"{'penalty': 'l1', 'C': 4}",1,0.723849372385,0.957627118644,0.822033898305,0.958158995816,0.00100004673004,1.19209289551e-07,0.0490912838248,0.000265938585916
7,0.00400006771088,0.000999927520752,0.764210526316,0.945181192823,4,l2,"{'penalty': 'l2', 'C': 4}",8,0.71129707113,0.932203389831,0.817796610169,0.958158995816,0.00100004673004,0.0,0.053248707464,0.0129778029927
8,0.00949990749359,0.000499963760376,0.764210526316,0.962130345366,5,l1,"{'penalty': 'l1', 'C': 5}",8,0.723849372385,0.966101694915,0.805084745763,0.958158995816,0.00150001049042,0.000499963760376,0.0406168765774,0.00397134954968
9,0.00400006771088,0.000999927520752,0.768421052632,0.945181192823,5,l2,"{'penalty': 'l2', 'C': 5}",5,0.707112970711,0.932203389831,0.830508474576,0.958158995816,1.19209289551e-07,0.0,0.0616965213833,0.0129778029927
10,0.00849997997284,0.000499963760376,0.76,0.962103751507,6,l1,"{'penalty': 'l1', 'C': 6}",11,0.715481171548,0.96186440678,0.805084745763,0.962343096234,0.00150001049042,0.000499963760376,0.0448008935447,0.000239344727324
11,0.00349998474121,0.000999927520752,0.770526315789,0.949418480959,6,l2,"{'penalty': 'l2', 'C': 6}",3,0.71129707113,0.940677966102,0.830508474576,0.958158995816,0.000499963760376,0.0,0.0596045128996,0.0087405148571
12,0.0114998817444,0.0,0.755789473684,0.964222395575,7,l1,"{'penalty': 'l1', 'C': 7}",15,0.707112970711,0.966101694915,0.805084745763,0.962343096234,0.000499963760376,0.0,0.0489849105121,0.00187929934047
13,0.00450003147125,0.00100004673004,0.770526315789,0.949418480959,7,l2,"{'penalty': 'l2', 'C': 7}",3,0.71129707113,0.940677966102,0.830508474576,0.958158995816,0.000500082969666,1.19209289551e-07,0.0596045128996,0.0087405148571
14,0.0115000009537,0.000999927520752,0.757894736842,0.964222395575,8,l1,"{'penalty': 'l1', 'C': 8}",12,0.702928870293,0.966101694915,0.813559322034,0.962343096234,0.00150001049042,0.0,0.0553141226195,0.00187929934047
15,0.00349998474121,0.000999927520752,0.772631578947,0.949418480959,8,l2,"{'penalty': 'l2', 'C': 8}",1,0.715481171548,0.940677966102,0.830508474576,0.958158995816,0.000499963760376,0.0,0.057512504416,0.0087405148571
16,0.0125000476837,0.000999927520752,0.757894736842,0.96845968371,9,l1,"{'penalty': 'l1', 'C': 9}",12,0.698744769874,0.974576271186,0.817796610169,0.962343096234,0.000499963760376,0.0,0.0595247329151,0.00611658747607
17,0.00450015068054,0.000999927520752,0.768421052632,0.951537125027,9,l2,"{'penalty': 'l2', 'C': 9}",5,0.715481171548,0.944915254237,0.822033898305,0.958158995816,0.000499963760376,0.0,0.0532753007922,0.00662187078931
18,0.0130000114441,0.00100004673004,0.757894736842,0.96845968371,10,l1,"{'penalty': 'l1', 'C': 10}",12,0.698744769874,0.974576271186,0.817796610169,0.962343096234,0.000999927520752,1.19209289551e-07,0.0595247329151,0.00611658747607
19,0.00499987602234,0.000500082969666,0.768421052632,0.955774413162,10,l2,"{'penalty': 'l2', 'C': 10}",5,0.715481171548,0.953389830508,0.822033898305,0.958158995816,0.0,0.000500082969666,0.0532753007922,0.00238458265371
