,mean_fit_time,mean_score_time,mean_test_score,mean_train_score,param_C,param_penalty,params,rank_test_score,split0_test_score,split0_train_score,split1_test_score,split1_train_score,std_fit_time,std_score_time,std_test_score,std_train_score
0,0.0035001039505,0.000999927520752,0.730526315789,0.917904758528,1,l1,"{'penalty': 'l1', 'C': 1}",20,0.690376569038,0.919491525424,0.771186440678,0.916317991632,0.000500082969666,0.0,0.0404041299519,0.00158676689596
1,0.00299990177155,0.000500082969666,0.76,0.924234096873,1,l2,"{'penalty': 'l2', 'C': 1}",10,0.698744769874,0.927966101695,0.822033898305,0.92050209205,1.19209289551e-07,0.000500082969666,0.061643334727,0.00373200482235
2,0.00399994850159,0.000499963760376,0.745263157895,0.934747535636,2,l1,"{'penalty': 'l1', 'C': 2}",18,0.715481171548,0.936440677966,0.775423728814,0.933054393305,0.00200009346008,0.000499963760376,0.0299706808616,0.00169314233033
3,0.00349998474121,0.000999927520752,0.774736842105,0.932655485427,2,l2,"{'penalty': 'l2', 'C': 2}",8,0.723849372385,0.936440677966,0.826271186441,0.928870292887,0.000499963760376,0.0,0.0512098856367,0.00378519253954
4,0.00649988651276,0.000500082969666,0.745263157895,0.945260974399,3,l1,"{'penalty': 'l1', 'C': 3}",18,0.715481171548,0.944915254237,0.775423728814,0.945606694561,0.00150001049042,0.000500082969666,0.0299706808616,0.000345720161691
5,0.0035001039505,0.0,0.778947368421,0.938931636054,3,l2,"{'penalty': 'l2', 'C': 3}",5,0.719665271967,0.936440677966,0.838983050847,0.941422594142,0.000500082969666,0.0,0.059657699556,0.00249095808808
6,0.00800013542175,0.000999927520752,0.753684210526,0.949471668676,4,l1,"{'penalty': 'l1', 'C': 4}",12,0.728033472803,0.949152542373,0.779661016949,0.949790794979,0.000999927520752,0.0,0.0258132572225,0.000319126303099
7,0.00349998474121,0.00100004673004,0.783157894737,0.941050280122,4,l2,"{'penalty': 'l2', 'C': 4}",1,0.723849372385,0.940677966102,0.843220338983,0.941422594142,0.000499963760376,1.19209289551e-07,0.0596842928842,0.000372314020282
8,0.0119999647141,0.00100004673004,0.755789473684,0.95789305723,5,l1,"{'penalty': 'l1', 'C': 5}",11,0.728033472803,0.957627118644,0.783898305085,0.958158995816,0.00300014019012,1.19209289551e-07,0.0279318590343,0.000265938585916
9,0.00399994850159,0.00100004673004,0.781052631579,0.943142330331,5,l2,"{'penalty': 'l2', 'C': 5}",2,0.719665271967,0.940677966102,0.843220338983,0.945606694561,0.000999927520752,1.19209289551e-07,0.0617763013679,0.00246436422949
10,0.0110000371933,0.000500082969666,0.753684210526,0.966367633501,6,l1,"{'penalty': 'l1', 'C': 6}",12,0.728033472803,0.974576271186,0.779661016949,0.958158995816,0.00400006771088,0.000500082969666,0.0258132572225,0.00820863768527
11,0.00349998474121,0.00100004673004,0.781052631579,0.943142330331,6,l2,"{'penalty': 'l2', 'C': 6}",2,0.719665271967,0.940677966102,0.843220338983,0.945606694561,0.000499963760376,1.19209289551e-07,0.0617763013679,0.00246436422949
12,0.00999999046326,0.000500082969666,0.753684210526,0.972670377987,7,l1,"{'penalty': 'l1', 'C': 7}",12,0.732217573222,0.978813559322,0.775423728814,0.966527196653,0.00399994850159,0.000500082969666,0.0216026469269,0.00614318133466
13,0.00450003147125,0.00100004673004,0.781052631579,0.945260974399,7,l2,"{'penalty': 'l2', 'C': 7}",2,0.719665271967,0.944915254237,0.843220338983,0.945606694561,0.000500082969666,1.19209289551e-07,0.0617763013679,0.000345720161691
14,0.0119999647141,0.00100004673004,0.747368421053,0.972670377987,8,l1,"{'penalty': 'l1', 'C': 8}",17,0.719665271967,0.978813559322,0.775423728814,0.966527196653,0.0039998292923,1.19209289551e-07,0.027878672378,0.00614318133466
15,0.00450003147125,0.00100004673004,0.778947368421,0.945260974399,8,l2,"{'penalty': 'l2', 'C': 8}",5,0.715481171548,0.944915254237,0.843220338983,0.945606694561,0.000499844551086,1.19209289551e-07,0.0638683098516,0.000345720161691
16,0.0130000114441,0.000499963760376,0.751578947368,0.972670377987,9,l1,"{'penalty': 'l1', 'C': 9}",15,0.723849372385,0.978813559322,0.779661016949,0.966527196653,0.00300002098083,0.000499963760376,0.0279052657061,0.00614318133466
17,0.00450003147125,0.00100004673004,0.776842105263,0.945260974399,9,l2,"{'penalty': 'l2', 'C': 9}",7,0.715481171548,0.944915254237,0.838983050847,0.945606694561,0.000500082969666,1.19209289551e-07,0.0617497080397,0.000345720161691
18,0.0144999027252,0.00100004673004,0.751578947368,0.974762428197,10,l1,"{'penalty': 'l1', 'C': 10}",15,0.728033472803,0.978813559322,0.775423728814,0.970711297071,0.00349998474121,1.19209289551e-07,0.0236946554106,0.00405113112545
19,0.00450003147125,0.000499963760376,0.774736842105,0.947379618467,10,l2,"{'penalty': 'l2', 'C': 10}",8,0.71129707113,0.949152542373,0.838983050847,0.945606694561,0.000500082969666,0.000499963760376,0.0638417165234,0.00177292390611
