,mean_fit_time,mean_score_time,mean_test_score,mean_train_score,param_C,param_penalty,params,rank_test_score,split0_test_score,split0_train_score,split1_test_score,split1_train_score,std_fit_time,std_score_time,std_test_score,std_train_score
0,0.00399994850159,0.000499963760376,0.732631578947,0.833797248422,1,l1,"{'penalty': 'l1', 'C': 1}",20,0.682008368201,0.851694915254,0.783898305085,0.81589958159,0.000999927520752,0.000499963760376,0.0509439523549,0.0178976668321
1,0.00200009346008,0.0,0.757894736842,0.8232572158,1,l2,"{'penalty': 'l2', 'C': 1}",19,0.73640167364,0.838983050847,0.779661016949,0.807531380753,0.000999927520752,0.0,0.0216292402551,0.0157258350472
2,0.00600004196167,0.000499963760376,0.776842105263,0.840099992908,2,l1,"{'penalty': 'l1', 'C': 2}",12,0.753138075314,0.85593220339,0.800847457627,0.824267782427,0.000999927520752,0.000499963760376,0.0238542153797,0.0158322104815
3,0.00250005722046,0.000499963760376,0.762105263158,0.833823842281,2,l2,"{'penalty': 'l2', 'C': 2}",17,0.744769874477,0.85593220339,0.779661016949,0.811715481172,0.000499963760376,0.000499963760376,0.0174452232877,0.0221083611091
4,0.00999999046326,0.00100004673004,0.778947368421,0.846376143536,3,l1,"{'penalty': 'l1', 'C': 3}",8,0.757322175732,0.85593220339,0.800847457627,0.836820083682,0.00300002098083,1.19209289551e-07,0.021762206896,0.00955605985391
5,0.00200009346008,0.0,0.762105263158,0.838034536558,3,l2,"{'penalty': 'l2', 'C': 3}",17,0.73640167364,0.860169491525,0.78813559322,0.81589958159,0.0,0.0,0.0258664438788,0.0221349549677
6,0.00999999046326,0.000499963760376,0.781052631579,0.848494787604,4,l1,"{'penalty': 'l1', 'C': 4}",5,0.761506276151,0.860169491525,0.800847457627,0.836820083682,0.00200009346008,0.000499963760376,0.0196701984123,0.0116747039217
7,0.00200009346008,0.000500082969666,0.772631578947,0.842245230835,4,l2,"{'penalty': 'l2', 'C': 4}",16,0.753138075314,0.864406779661,0.792372881356,0.820083682008,0.000999927520752,0.000500082969666,0.0196170117559,0.0221615488263
8,0.00850009918213,0.0,0.781052631579,0.856942770016,5,l1,"{'penalty': 'l1', 'C': 5}",5,0.761506276151,0.872881355932,0.800847457627,0.8410041841,0.000499963760376,0.0,0.0196701984123,0.0159385859159
9,0.00149989128113,0.0,0.774736842105,0.844337281044,5,l2,"{'penalty': 'l2', 'C': 5}",15,0.753138075314,0.864406779661,0.796610169492,0.824267782427,0.000499963760376,0.0,0.0217356135678,0.0200694986171
10,0.0105000734329,0.0,0.781052631579,0.859034820226,6,l1,"{'penalty': 'l1', 'C': 6}",5,0.761506276151,0.872881355932,0.800847457627,0.845188284519,0.00249993801117,0.0,0.0196701984123,0.0138465357067
11,0.00250005722046,0.0,0.776842105263,0.846429331253,6,l2,"{'penalty': 'l2', 'C': 6}",12,0.757322175732,0.864406779661,0.796610169492,0.828451882845,0.000499963760376,0.0,0.0196436050841,0.0179774484079
12,0.0119999647141,0.000499963760376,0.785263157895,0.859034820226,7,l1,"{'penalty': 'l1', 'C': 7}",4,0.765690376569,0.872881355932,0.805084745763,0.845188284519,0.00100004673004,0.000499963760376,0.0196967917405,0.0138465357067
13,0.00249993801117,0.0,0.776842105263,0.844337281044,7,l2,"{'penalty': 'l2', 'C': 7}",12,0.757322175732,0.864406779661,0.796610169492,0.824267782427,0.000500082969666,0.0,0.0196436050841,0.0200694986171
14,0.0144999027252,0.000500082969666,0.787368421053,0.859034820226,8,l1,"{'penalty': 'l1', 'C': 8}",1,0.765690376569,0.872881355932,0.809322033898,0.845188284519,0.00250005722046,0.000500082969666,0.0218153935524,0.0138465357067
15,0.00249993801117,0.0,0.778947368421,0.842218636976,8,l2,"{'penalty': 'l2', 'C': 8}",8,0.761506276151,0.860169491525,0.796610169492,0.824267782427,0.000500082969666,0.0,0.0175515966004,0.0179508545493
16,0.0135000944138,0.000499963760376,0.787368421053,0.859034820226,9,l1,"{'penalty': 'l1', 'C': 9}",1,0.765690376569,0.872881355932,0.809322033898,0.845188284519,0.00150001049042,0.000499963760376,0.0218153935524,0.0138465357067
17,0.00150012969971,0.0,0.778947368421,0.844337281044,9,l2,"{'penalty': 'l2', 'C': 9}",8,0.761506276151,0.864406779661,0.796610169492,0.824267782427,0.000499963760376,0.0,0.0175515966004,0.0200694986171
18,0.0130001306534,0.000999927520752,0.787368421053,0.859034820226,10,l1,"{'penalty': 'l1', 'C': 10}",1,0.765690376569,0.872881355932,0.809322033898,0.845188284519,0.00100004673004,0.0,0.0218153935524,0.0138465357067
19,0.00150001049042,0.000499963760376,0.778947368421,0.846429331253,10,l2,"{'penalty': 'l2', 'C': 10}",8,0.761506276151,0.864406779661,0.796610169492,0.828451882845,0.000500082969666,0.000499963760376,0.0175515966004,0.0179774484079
