,mean_fit_time,mean_score_time,mean_test_score,mean_train_score,param_C,param_penalty,params,rank_test_score,split0_test_score,split0_train_score,split1_test_score,split1_train_score,std_fit_time,std_score_time,std_test_score,std_train_score
0,0.00400018692017,0.0,0.707368421053,0.884352173605,1,l1,"{'penalty': 'l1', 'C': 1}",20,0.65690376569,0.906779661017,0.758474576271,0.861924686192,0.0,0.0,0.0507843923858,0.0224274874122
1,0.0035001039505,0.000499963760376,0.711578947368,0.890628324232,1,l2,"{'penalty': 'l2', 'C': 1}",17,0.677824267782,0.906779661017,0.745762711864,0.874476987448,0.000500082969666,0.000499963760376,0.0339685445317,0.0161513367846
2,0.00649988651276,0.0,0.711578947368,0.913747251968,2,l1,"{'penalty': 'l1', 'C': 2}",17,0.65690376569,0.923728813559,0.766949152542,0.903765690377,0.000500082969666,0.0,0.0550215960095,0.00998156159138
3,0.00349998474121,0.000499963760376,0.713684210526,0.913747251968,2,l2,"{'penalty': 'l2', 'C': 2}",14,0.682008368201,0.923728813559,0.745762711864,0.903765690377,0.000499963760376,0.000499963760376,0.0318765360481,0.00998156159138
4,0.00599992275238,0.000500082969666,0.713684210526,0.928471385008,3,l1,"{'penalty': 'l1', 'C': 3}",14,0.673640167364,0.936440677966,0.754237288136,0.92050209205,0.00100004673004,0.000500082969666,0.0402977566392,0.00796929295795
5,0.00349998474121,0.000999927520752,0.728421052632,0.920049996454,3,l2,"{'penalty': 'l2', 'C': 3}",8,0.677824267782,0.927966101695,0.779661016949,0.912133891213,0.000499963760376,0.0,0.0509173590267,0.00791610524076
6,0.00800001621246,0.0,0.711578947368,0.936839585845,4,l1,"{'penalty': 'l1', 'C': 4}",17,0.669456066946,0.936440677966,0.754237288136,0.937238493724,0.00100004673004,0.0,0.0423897651229,0.000398907878874
7,0.00450003147125,0.000499963760376,0.732631578947,0.920049996454,4,l2,"{'penalty': 'l2', 'C': 4}",7,0.673640167364,0.927966101695,0.792372881356,0.912133891213,0.000499844551086,0.000499963760376,0.059365172946,0.00791610524076
8,0.0090000629425,0.000999927520752,0.713684210526,0.938905042196,5,l1,"{'penalty': 'l1', 'C': 5}",14,0.677824267782,0.932203389831,0.75,0.945606694561,0.0,0.0,0.0360871463436,0.00670165236508
9,0.00450003147125,0.000999927520752,0.734736842105,0.922142046663,5,l2,"{'penalty': 'l2', 'C': 5}",6,0.673640167364,0.927966101695,0.796610169492,0.916317991632,0.00150001049042,0.0,0.0614837747579,0.00582405503156
10,0.0129998922348,0.0,0.72,0.940997092405,6,l1,"{'penalty': 'l1', 'C': 6}",13,0.677824267782,0.932203389831,0.762711864407,0.949790794979,0.00199997425079,0.0,0.0424429517792,0.00879370257429
11,0.00450003147125,0.000499963760376,0.736842105263,0.924234096873,6,l2,"{'penalty': 'l2', 'C': 6}",1,0.673640167364,0.927966101695,0.800847457627,0.92050209205,0.000500082969666,0.000499963760376,0.0636023765697,0.00373200482235
12,0.0130000114441,0.00100004673004,0.722105263158,0.945207786682,7,l1,"{'penalty': 'l1', 'C': 7}",10,0.677824267782,0.936440677966,0.766949152542,0.953974895397,0.000999927520752,1.19209289551e-07,0.0445615535911,0.00876710871569
13,0.00500011444092,0.000499963760376,0.736842105263,0.924260690731,7,l2,"{'penalty': 'l2', 'C': 7}",1,0.677824267782,0.932203389831,0.796610169492,0.916317991632,0.000999927520752,0.000499963760376,0.0593917662742,0.00794269909935
14,0.0164999961853,0.000499963760376,0.722105263158,0.9493918871,8,l1,"{'penalty': 'l1', 'C': 8}",10,0.673640167364,0.936440677966,0.771186440678,0.962343096234,0.00149989128113,0.000499963760376,0.0487721638867,0.0129512091341
15,0.00599992275238,0.00100004673004,0.736842105263,0.926379334799,8,l2,"{'penalty': 'l2', 'C': 8}",1,0.677824267782,0.936440677966,0.796610169492,0.916317991632,0.00100004673004,0.00100004673004,0.0593917662742,0.0100613431672
16,0.0134999752045,0.000500082969666,0.722105263158,0.951483937309,9,l1,"{'penalty': 'l1', 'C': 9}",10,0.673640167364,0.936440677966,0.771186440678,0.966527196653,0.00150012969971,0.000500082969666,0.0487721638867,0.0150432593433
17,0.005499958992,0.000999927520752,0.736842105263,0.928471385008,9,l2,"{'penalty': 'l2', 'C': 9}",1,0.677824267782,0.936440677966,0.796610169492,0.92050209205,0.000500082969666,0.0,0.0593917662742,0.00796929295795
18,0.0144999027252,0.000500082969666,0.724210526316,0.955668037728,10,l1,"{'penalty': 'l1', 'C': 10}",9,0.677824267782,0.936440677966,0.771186440678,0.97489539749,0.000499963760376,0.000500082969666,0.046680155403,0.0192273597617
19,0.00599992275238,0.0,0.736842105263,0.928471385008,10,l2,"{'penalty': 'l2', 'C': 10}",1,0.677824267782,0.936440677966,0.796610169492,0.92050209205,0.00100004673004,0.0,0.0593917662742,0.00796929295795
