,mean_fit_time,mean_score_time,mean_test_score,mean_train_score,param_C,param_penalty,params,rank_test_score,split0_test_score,split0_train_score,split1_test_score,split1_train_score,std_fit_time,std_score_time,std_test_score,std_train_score
0,0.00249993801117,0.00100016593933,0.682105263158,0.91181476491,1,l1,"{'penalty': 'l1', 'C': 1}",20,0.640167364017,0.949152542373,0.724576271186,0.874476987448,0.000500082969666,0.0,0.0422036118256,0.0373377774626
1,0.00300002098083,0.00100004673004,0.690526315789,0.918037727821,1,l2,"{'penalty': 'l2', 'C': 1}",17,0.640167364017,0.940677966102,0.741525423729,0.89539748954,0.000999927520752,1.19209289551e-07,0.0506780190731,0.022640238281
2,0.00499999523163,0.000500082969666,0.688421052632,0.939091199206,2,l1,"{'penalty': 'l1', 'C': 2}",18,0.640167364017,0.96186440678,0.737288135593,0.916317991632,0.00199997425079,0.000500082969666,0.0485594172612,0.0227732075739
3,0.00300002098083,0.000499963760376,0.692631578947,0.924340472307,2,l2,"{'penalty': 'l2', 'C': 2}",15,0.652719665272,0.944915254237,0.733050847458,0.903765690377,0.0,0.000499963760376,0.0401647899983,0.0205747819304
4,0.00799989700317,0.00100004673004,0.692631578947,0.947459400043,3,l1,"{'penalty': 'l1', 'C': 3}",15,0.644351464435,0.96186440678,0.741525423729,0.933054393305,0.000999927520752,1.19209289551e-07,0.0485860105894,0.0144050067371
5,0.00399994850159,0.000500082969666,0.696842105263,0.93485391107,3,l2,"{'penalty': 'l2', 'C': 3}",11,0.652719665272,0.953389830508,0.741525423729,0.916317991632,0.000999927520752,0.000500082969666,0.044401993622,0.0185359194383
6,0.00999999046326,0.000499963760376,0.688421052632,0.960064889015,4,l1,"{'penalty': 'l1', 'C': 4}",18,0.635983263598,0.970338983051,0.741525423729,0.949790794979,0.000999927520752,0.000499963760376,0.0527700275568,0.0102740940359
7,0.00349998474121,0.000999927520752,0.696842105263,0.939091199206,4,l2,"{'penalty': 'l2', 'C': 4}",11,0.652719665272,0.96186440678,0.741525423729,0.916317991632,0.000499963760376,0.0,0.044401993622,0.0227732075739
8,0.0115000009537,0.0,0.694736842105,0.964275583292,5,l1,"{'penalty': 'l1', 'C': 5}",14,0.640167364017,0.974576271186,0.75,0.953974895397,0.000500082969666,0.0,0.0549152226968,0.0103006878945
9,0.00399994850159,0.000499963760376,0.701052631579,0.943328487341,5,l2,"{'penalty': 'l2', 'C': 5}",6,0.661087866109,0.970338983051,0.741525423729,0.916317991632,0.00100016593933,0.000499963760376,0.0402179766546,0.0270104957095
10,0.0125000476837,0.000999927520752,0.696842105263,0.968512871428,6,l1,"{'penalty': 'l1', 'C': 6}",11,0.644351464435,0.983050847458,0.75,0.953974895397,0.000499963760376,0.0,0.0528232142131,0.0145379760301
11,0.00349998474121,0.00100004673004,0.703157894737,0.949604637969,6,l2,"{'penalty': 'l2', 'C': 6}",4,0.661087866109,0.970338983051,0.745762711864,0.928870292887,0.000500202178955,1.19209289551e-07,0.0423365784665,0.0207343450819
12,0.0139999389648,0.000499963760376,0.703157894737,0.970604921637,7,l1,"{'penalty': 'l1', 'C': 7}",4,0.644351464435,0.983050847458,0.762711864407,0.958158995816,0.0,0.000499963760376,0.0591790196487,0.0124459258209
13,0.00499999523163,0.000999927520752,0.701052631579,0.955880788597,7,l2,"{'penalty': 'l2', 'C': 7}",6,0.65690376569,0.970338983051,0.745762711864,0.941422594142,0.00100004673004,0.0,0.0444285869502,0.0144581944543
14,0.0120000839233,0.0,0.705263157895,0.970604921637,8,l1,"{'penalty': 'l1', 'C': 8}",2,0.644351464435,0.983050847458,0.766949152542,0.958158995816,0.000999927520752,0.0,0.0612976214606,0.0124459258209
15,0.00499999523163,0.000499963760376,0.701052631579,0.957972838806,8,l2,"{'penalty': 'l2', 'C': 8}",6,0.652719665272,0.970338983051,0.75,0.945606694561,0.00100004673004,0.000499963760376,0.0486391972457,0.0123661442451
16,0.0139999389648,0.0,0.707368421053,0.970604921637,9,l1,"{'penalty': 'l1', 'C': 9}",1,0.644351464435,0.983050847458,0.771186440678,0.958158995816,0.00300002098083,0.0,0.0634162232725,0.0124459258209
17,0.00399994850159,0.00100004673004,0.701052631579,0.957972838806,9,l2,"{'penalty': 'l2', 'C': 9}",6,0.648535564854,0.970338983051,0.754237288136,0.945606694561,0.000999927520752,1.19209289551e-07,0.0528498075413,0.0123661442451
18,0.0155000686646,0.000500082969666,0.701052631579,0.970604921637,10,l1,"{'penalty': 'l1', 'C': 10}",6,0.644351464435,0.983050847458,0.758474576271,0.958158995816,0.000499963760376,0.000500082969666,0.0570604178369,0.0124459258209
19,0.005499958992,0.000999927520752,0.705263157895,0.957972838806,10,l2,"{'penalty': 'l2', 'C': 10}",2,0.648535564854,0.970338983051,0.762711864407,0.945606694561,0.00150001049042,0.0,0.057087011165,0.0123661442451
