,mean_fit_time,mean_score_time,mean_test_score,mean_train_score,param_C,param_penalty,params,rank_test_score,split0_test_score,split0_train_score,split1_test_score,split1_train_score,std_fit_time,std_score_time,std_test_score,std_train_score
0,0.00349998474121,0.000999927520752,0.732631578947,0.924340472307,1,l1,"{'penalty': 'l1', 'C': 1}",18,0.673640167364,0.944915254237,0.792372881356,0.903765690377,0.000499963760376,0.0,0.059365172946,0.0205747819304
1,0.00400006771088,0.000500082969666,0.72,0.911655201759,1,l2,"{'penalty': 'l2', 'C': 1}",20,0.669456066946,0.923728813559,0.771186440678,0.899581589958,0.00100004673004,0.000500082969666,0.0508641723703,0.0120736118006
2,0.00450003147125,0.00100004673004,0.753684210526,0.939091199206,2,l1,"{'penalty': 'l1', 'C': 2}",16,0.686192468619,0.96186440678,0.822033898305,0.916317991632,0.00150001049042,1.19209289551e-07,0.067919360178,0.0227732075739
3,0.00349998474121,0.00100004673004,0.732631578947,0.928497978867,2,l2,"{'penalty': 'l2', 'C': 2}",18,0.652719665272,0.940677966102,0.813559322034,0.916317991632,0.000499963760376,1.19209289551e-07,0.0804182244238,0.0121799872349
4,0.00699996948242,0.000499963760376,0.793684210526,0.94751258776,3,l1,"{'penalty': 'l1', 'C': 3}",6,0.71129707113,0.970338983051,0.877118644068,0.924686192469,0.000999927520752,0.000499963760376,0.0829091328302,0.0228263952911
5,0.00349998474121,0.00100004673004,0.747368421053,0.936945961279,3,l2,"{'penalty': 'l2', 'C': 3}",17,0.65690376569,0.953389830508,0.838983050847,0.92050209205,0.000499963760376,1.19209289551e-07,0.0910378268113,0.0164438692291
6,0.00899994373322,0.000500082969666,0.793684210526,0.949604637969,4,l1,"{'penalty': 'l1', 'C': 4}",6,0.715481171548,0.970338983051,0.872881355932,0.928870292887,0.00199997425079,0.000500082969666,0.0786985225347,0.0207343450819
7,0.00499999523163,0.000999927520752,0.755789473684,0.939038011489,4,l2,"{'penalty': 'l2', 'C': 4}",15,0.65690376569,0.953389830508,0.85593220339,0.924686192469,0.00100004673004,0.0,0.0995122340588,0.0143518190199
8,0.00800001621246,0.000499963760376,0.802105263158,0.949604637969,5,l1,"{'penalty': 'l1', 'C': 5}",3,0.71129707113,0.970338983051,0.89406779661,0.928870292887,0.00199997425079,0.000499963760376,0.0913835400777,0.0207343450819
9,0.00399994850159,0.00100004673004,0.764210526316,0.943275299624,5,l2,"{'penalty': 'l2', 'C': 5}",14,0.661087866109,0.96186440678,0.868644067797,0.924686192469,0.000999927520752,1.19209289551e-07,0.103776031011,0.0185891071555
10,0.0105000734329,0.000499963760376,0.804210526316,0.951723282037,6,l1,"{'penalty': 'l1', 'C': 6}",1,0.715481171548,0.974576271186,0.89406779661,0.928870292887,0.00450003147125,0.000499963760376,0.089291531594,0.0228529891497
11,0.00449991226196,0.00100004673004,0.778947368421,0.943275299624,6,l2,"{'penalty': 'l2', 'C': 6}",13,0.682008368201,0.96186440678,0.877118644068,0.924686192469,0.000499963760376,1.19209289551e-07,0.097553192216,0.0185891071555
12,0.00949990749359,0.000499963760376,0.804210526316,0.953841926105,7,l1,"{'penalty': 'l1', 'C': 7}",1,0.715481171548,0.978813559322,0.89406779661,0.928870292887,0.00249993801117,0.000499963760376,0.089291531594,0.0249716332175
13,0.00349998474121,0.00100004673004,0.781052631579,0.943275299624,7,l2,"{'penalty': 'l2', 'C': 7}",12,0.682008368201,0.96186440678,0.881355932203,0.924686192469,0.000500202178955,1.19209289551e-07,0.0996717940279,0.0185891071555
14,0.0139999389648,0.00100004673004,0.793684210526,0.953841926105,8,l1,"{'penalty': 'l1', 'C': 8}",6,0.719665271967,0.978813559322,0.868644067797,0.928870292887,0.00600004196167,1.19209289551e-07,0.0744879122391,0.0249716332175
15,0.00450003147125,0.000999927520752,0.787368421053,0.945393943692,8,l2,"{'penalty': 'l2', 'C': 8}",11,0.694560669456,0.966101694915,0.881355932203,0.924686192469,0.000499844551086,0.0,0.0933957685768,0.0207077512233
16,0.0124999284744,0.000500082969666,0.795789473684,0.953841926105,9,l1,"{'penalty': 'l1', 'C': 9}",5,0.707112970711,0.978813559322,0.885593220339,0.928870292887,0.00450003147125,0.000500082969666,0.0892383449376,0.0249716332175
17,0.00450003147125,0.0,0.789473684211,0.94751258776,9,l2,"{'penalty': 'l2', 'C': 9}",10,0.698744769874,0.970338983051,0.881355932203,0.924686192469,0.000500082969666,0.0,0.0913037600932,0.0228263952911
18,0.0134999752045,0.000999927520752,0.797894736842,0.955960570172,10,l1,"{'penalty': 'l1', 'C': 10}",4,0.71129707113,0.983050847458,0.885593220339,0.928870292887,0.00349998474121,0.0,0.087146336454,0.0270902772853
19,0.00449991226196,0.00100004673004,0.791578947368,0.94751258776,10,l2,"{'penalty': 'l2', 'C': 10}",9,0.702928870293,0.970338983051,0.881355932203,0.924686192469,0.00149989128113,1.19209289551e-07,0.0892117516095,0.0228263952911
