,mean_fit_time,mean_score_time,mean_test_score,mean_train_score,param_C,param_penalty,params,rank_test_score,split0_test_score,split0_train_score,split1_test_score,split1_train_score,std_fit_time,std_score_time,std_test_score,std_train_score
0,0.0035001039505,0.000499963760376,0.72,0.918117509396,1,l1,"{'penalty': 'l1', 'C': 1}",20,0.665271966527,0.953389830508,0.775423728814,0.882845188285,0.000500082969666,0.000499963760376,0.0550747826659,0.035272321112
1,0.00299990177155,0.00100004673004,0.724210526316,0.920182965747,1,l2,"{'penalty': 'l2', 'C': 1}",18,0.665271966527,0.949152542373,0.783898305085,0.891213389121,0.00100004673004,1.19209289551e-07,0.0593119862896,0.0289695766258
2,0.00499999523163,0.00100004673004,0.736842105263,0.934880504929,2,l1,"{'penalty': 'l1', 'C': 2}",9,0.673640167364,0.957627118644,0.800847457627,0.912133891213,0.00100004673004,1.19209289551e-07,0.0636023765697,0.0227466137153
3,0.00300002098083,0.000499963760376,0.730526315789,0.924367066166,2,l2,"{'penalty': 'l2', 'C': 2}",14,0.669456066946,0.949152542373,0.792372881356,0.899581589958,0.0,0.000499963760376,0.0614571814297,0.0247854762074
4,0.00699985027313,0.00150012969971,0.757894736842,0.939091199206,3,l1,"{'penalty': 'l1', 'C': 3}",3,0.665271966527,0.96186440678,0.851694915254,0.916317991632,0.00199997425079,0.000499963760376,0.0932096152796,0.0227732075739
5,0.00300002098083,0.000999927520752,0.726315789474,0.93069640451,3,l2,"{'penalty': 'l2', 'C': 3}",17,0.661087866109,0.957627118644,0.792372881356,0.903765690377,0.0,0.0,0.0656411983971,0.0269307141337
6,0.00899994373322,0.000999927520752,0.76,0.941183249415,4,l1,"{'penalty': 'l1', 'C': 4}",1,0.669456066946,0.96186440678,0.851694915254,0.92050209205,0.00100004673004,0.0,0.0911176067959,0.0206811573647
7,0.00349998474121,0.000499963760376,0.722105263158,0.93069640451,4,l2,"{'penalty': 'l2', 'C': 4}",19,0.661087866109,0.957627118644,0.783898305085,0.903765690377,0.000499963760376,0.000499963760376,0.0614039947733,0.0269307141337
8,0.0119999647141,0.000499963760376,0.76,0.95167009432,5,l1,"{'penalty': 'l1', 'C': 5}",1,0.669456066946,0.966101694915,0.851694915254,0.937238493724,0.00100004673004,0.000499963760376,0.0911176067959,0.0144316005957
9,0.00349998474121,0.00100004673004,0.730526315789,0.934880504929,5,l2,"{'penalty': 'l2', 'C': 5}",14,0.661087866109,0.957627118644,0.800847457627,0.912133891213,0.000499963760376,1.19209289551e-07,0.0698784020208,0.0227466137153
10,0.0115000009537,0.000499963760376,0.757894736842,0.953762144529,6,l1,"{'penalty': 'l1', 'C': 6}",3,0.669456066946,0.966101694915,0.847457627119,0.941422594142,0.000500082969666,0.000499963760376,0.088999004984,0.0123395503865
11,0.00349998474121,0.000999927520752,0.730526315789,0.934880504929,6,l2,"{'penalty': 'l2', 'C': 6}",14,0.65690376569,0.957627118644,0.805084745763,0.912133891213,0.000499963760376,0.0,0.0740890123164,0.0227466137153
12,0.0134999752045,0.000500082969666,0.747368421053,0.955854194738,7,l1,"{'penalty': 'l1', 'C': 7}",5,0.652719665272,0.966101694915,0.843220338983,0.945606694561,0.00250005722046,0.000500082969666,0.0952484371069,0.0102475001773
13,0.00499999523163,0.0,0.732631578947,0.934880504929,7,l2,"{'penalty': 'l2', 'C': 7}",12,0.661087866109,0.957627118644,0.805084745763,0.912133891213,0.00100004673004,0.0,0.0719970038327,0.0227466137153
14,0.0129998922348,0.000500082969666,0.747368421053,0.955827600879,8,l1,"{'penalty': 'l1', 'C': 8}",5,0.652719665272,0.96186440678,0.843220338983,0.949790794979,0.00100004673004,0.000500082969666,0.0952484371069,0.00603680590029
15,0.00450003147125,0.00100004673004,0.732631578947,0.934880504929,8,l2,"{'penalty': 'l2', 'C': 8}",12,0.661087866109,0.957627118644,0.805084745763,0.912133891213,0.000500082969666,1.19209289551e-07,0.0719970038327,0.0227466137153
16,0.0149998664856,0.00100004673004,0.747368421053,0.951643500461,9,l1,"{'penalty': 'l1', 'C': 9}",5,0.652719665272,0.96186440678,0.843220338983,0.941422594142,0.00300002098083,1.19209289551e-07,0.0952484371069,0.0102209063187
17,0.00449991226196,0.0,0.734736842105,0.934880504929,9,l2,"{'penalty': 'l2', 'C': 9}",10,0.661087866109,0.957627118644,0.809322033898,0.912133891213,0.000499963760376,0.0,0.0741156056445,0.0227466137153
18,0.0130000114441,0.000999927520752,0.738947368421,0.953762144529,10,l1,"{'penalty': 'l1', 'C': 10}",8,0.635983263598,0.966101694915,0.843220338983,0.941422594142,0.00300002098083,0.0,0.103616471042,0.0123395503865
19,0.00450003147125,0.000500082969666,0.734736842105,0.936972555138,10,l2,"{'penalty': 'l2', 'C': 10}",10,0.661087866109,0.957627118644,0.809322033898,0.916317991632,0.000500082969666,0.000500082969666,0.0741156056445,0.0206545635061
