,mean_fit_time,mean_score_time,mean_test_score,mean_train_score,param_C,param_penalty,params,rank_test_score,split0_test_score,split0_train_score,split1_test_score,split1_train_score,std_fit_time,std_score_time,std_test_score,std_train_score
0,0.00400006771088,0.000499963760376,0.757894736842,0.930669810652,1,l1,"{'penalty': 'l1', 'C': 1}",19,0.702928870293,0.953389830508,0.813559322034,0.907949790795,1.19209289551e-07,0.000499963760376,0.0553141226195,0.0227200198567
1,0.00300002098083,0.000999927520752,0.747368421053,0.92428728459,1,l2,"{'penalty': 'l2', 'C': 1}",20,0.686192468619,0.936440677966,0.809322033898,0.912133891213,0.0,0.0,0.0615635547424,0.0121533933764
2,0.00600004196167,0.00100004673004,0.772631578947,0.941183249415,2,l1,"{'penalty': 'l1', 'C': 2}",7,0.719665271967,0.96186440678,0.826271186441,0.92050209205,0.00200009346008,1.19209289551e-07,0.0533018941204,0.0206811573647
3,0.00300002098083,0.00100004673004,0.762105263158,0.932761860861,2,l2,"{'penalty': 'l2', 'C': 2}",18,0.702928870293,0.953389830508,0.822033898305,0.912133891213,0.000999927520752,1.19209289551e-07,0.0595513262433,0.0206279696475
4,0.00600004196167,0.000999927520752,0.778947368421,0.949604637969,3,l1,"{'penalty': 'l1', 'C': 3}",5,0.728033472803,0.970338983051,0.830508474576,0.928870292887,0.000999927520752,0.0,0.0512364789649,0.0207343450819
5,0.0035001039505,0.000499963760376,0.764210526316,0.936972555138,3,l2,"{'penalty': 'l2', 'C': 3}",15,0.707112970711,0.957627118644,0.822033898305,0.916317991632,0.000500082969666,0.000499963760376,0.0574593177596,0.0206545635061
6,0.00799989700317,0.000499963760376,0.770526315789,0.951723282037,4,l1,"{'penalty': 'l1', 'C': 4}",9,0.71129707113,0.974576271186,0.830508474576,0.928870292887,0.00300002098083,0.000499963760376,0.0596045128996,0.0228529891497
7,0.00400006771088,0.000499963760376,0.766315789474,0.941183249415,4,l2,"{'penalty': 'l2', 'C': 4}",13,0.71129707113,0.96186440678,0.822033898305,0.92050209205,0.00100004673004,0.000499963760376,0.0553673092759,0.0206811573647
8,0.0074999332428,0.00100016593933,0.770526315789,0.953815332246,5,l1,"{'penalty': 'l1', 'C': 5}",9,0.71129707113,0.974576271186,0.830508474576,0.933054393305,0.00250005722046,0.0,0.0596045128996,0.0207609389405
9,0.00450003147125,0.0,0.768421052632,0.941183249415,5,l2,"{'penalty': 'l2', 'C': 5}",12,0.71129707113,0.96186440678,0.826271186441,0.92050209205,0.000499844551086,0.0,0.0574859110878,0.0206811573647
10,0.00849997997284,0.000999927520752,0.766315789474,0.953815332246,6,l1,"{'penalty': 'l1', 'C': 6}",13,0.71129707113,0.974576271186,0.822033898305,0.933054393305,0.000500082969666,0.0,0.0553673092759,0.0207609389405
11,0.00500011444092,0.000499963760376,0.776842105263,0.941183249415,6,l2,"{'penalty': 'l2', 'C': 6}",6,0.723849372385,0.96186440678,0.830508474576,0.92050209205,0.000999927520752,0.000499963760376,0.0533284874486,0.0206811573647
12,0.0110000371933,0.000499963760376,0.770526315789,0.957999432664,7,l1,"{'penalty': 'l1', 'C': 7}",9,0.715481171548,0.974576271186,0.826271186441,0.941422594142,0.00100004673004,0.000499963760376,0.0553939026041,0.0165768385221
13,0.00499999523163,0.00100004673004,0.781052631579,0.943301893483,7,l2,"{'penalty': 'l2', 'C': 7}",2,0.723849372385,0.966101694915,0.838983050847,0.92050209205,0.00100004673004,1.19209289551e-07,0.0575656910723,0.0227998014325
14,0.0135000944138,0.00100004673004,0.772631578947,0.957999432664,8,l1,"{'penalty': 'l1', 'C': 8}",7,0.719665271967,0.974576271186,0.826271186441,0.941422594142,0.000500082969666,1.19209289551e-07,0.0533018941204,0.0165768385221
15,0.00450003147125,0.000999927520752,0.781052631579,0.943301893483,8,l2,"{'penalty': 'l2', 'C': 8}",2,0.723849372385,0.966101694915,0.838983050847,0.92050209205,0.000500082969666,0.0,0.0575656910723,0.0227998014325
16,0.0145000219345,0.000999927520752,0.764210526316,0.962210126941,9,l1,"{'penalty': 'l1', 'C': 9}",15,0.702928870293,0.978813559322,0.826271186441,0.945606694561,0.00150001049042,0.0,0.0616699280552,0.0166034323807
17,0.00449991226196,0.0,0.781052631579,0.945393943692,9,l2,"{'penalty': 'l2', 'C': 9}",2,0.723849372385,0.966101694915,0.838983050847,0.924686192469,0.000499963760376,0.0,0.0575656910723,0.0207077512233
18,0.0139999389648,0.00100004673004,0.764210526316,0.964302177151,10,l1,"{'penalty': 'l1', 'C': 10}",15,0.707112970711,0.978813559322,0.822033898305,0.949790794979,0.000999927520752,1.19209289551e-07,0.0574593177596,0.0145113821715
19,0.00499999523163,0.000999927520752,0.783157894737,0.947485993901,10,l2,"{'penalty': 'l2', 'C': 10}",1,0.728033472803,0.966101694915,0.838983050847,0.928870292887,1.19209289551e-07,0.0,0.0554736825886,0.0186157010141
