,mean_fit_time,mean_score_time,mean_test_score,mean_train_score,param_C,param_penalty,params,rank_test_score,split0_test_score,split0_train_score,split1_test_score,split1_train_score,std_fit_time,std_score_time,std_test_score,std_train_score
0,0.00349998474121,0.00100004673004,0.711578947368,0.934880504929,1,l1,"{'penalty': 'l1', 'C': 1}",20,0.669456066946,0.957627118644,0.754237288136,0.912133891213,0.000499963760376,1.19209289551e-07,0.0423897651229,0.0227466137153
1,0.00249993801117,0.00100004673004,0.734736842105,0.941130061698,1,l2,"{'penalty': 'l2', 'C': 1}",9,0.686192468619,0.953389830508,0.783898305085,0.928870292887,0.000500082969666,1.19209289551e-07,0.0488519438712,0.0122597688107
2,0.00499999523163,0.000499963760376,0.713684210526,0.945340755975,2,l1,"{'penalty': 'l1', 'C': 2}",19,0.665271966527,0.957627118644,0.762711864407,0.933054393305,1.19209289551e-07,0.000499963760376,0.0487189772303,0.0122863626693
3,0.00349998474121,0.000999927520752,0.732631578947,0.943248705766,2,l2,"{'penalty': 'l2', 'C': 2}",11,0.686192468619,0.957627118644,0.779661016949,0.928870292887,0.000499963760376,0.0,0.0467333420593,0.0143784128785
4,0.00600004196167,0.000500082969666,0.717894736842,0.960011701298,3,l1,"{'penalty': 'l1', 'C': 3}",18,0.669456066946,0.96186440678,0.766949152542,0.958158995816,0.0,0.000500082969666,0.0487455705585,0.00185270548188
5,0.0035001039505,0.00100004673004,0.732631578947,0.947432806184,3,l2,"{'penalty': 'l2', 'C': 3}",11,0.682008368201,0.957627118644,0.783898305085,0.937238493724,0.000500082969666,1.19209289551e-07,0.0509439523549,0.0101943124601
6,0.00850009918213,0.000999927520752,0.728421052632,0.968433089852,4,l1,"{'penalty': 'l1', 'C': 4}",14,0.677824267782,0.970338983051,0.779661016949,0.966527196653,0.000499963760376,0.0,0.0509173590267,0.00190589319906
7,0.00349998474121,0.000999927520752,0.743157894737,0.949524856393,4,l2,"{'penalty': 'l2', 'C': 4}",7,0.686192468619,0.957627118644,0.800847457627,0.941422594142,0.000499963760376,0.0,0.0573263511187,0.0081022622509
8,0.00800001621246,0.000999927520752,0.730526315789,0.974762428197,5,l1,"{'penalty': 'l1', 'C': 5}",13,0.686192468619,0.978813559322,0.775423728814,0.970711297071,0.00100004673004,0.0,0.0446147402475,0.00405113112545
9,0.00399994850159,0.000499963760376,0.747368421053,0.95373555067,5,l2,"{'penalty': 'l2', 'C': 5}",4,0.686192468619,0.96186440678,0.809322033898,0.945606694561,0.000999927520752,0.000499963760376,0.0615635547424,0.0081288561095
10,0.00800013542175,0.0,0.738947368421,0.974762428197,6,l1,"{'penalty': 'l1', 'C': 6}",8,0.698744769874,0.978813559322,0.779661016949,0.970711297071,0.0,0.0,0.0404573166083,0.00405113112545
11,0.00349998474121,0.000500082969666,0.749473684211,0.95373555067,6,l2,"{'penalty': 'l2', 'C': 6}",1,0.686192468619,0.96186440678,0.813559322034,0.945606694561,0.000499963760376,0.000500082969666,0.0636821565543,0.0081288561095
12,0.0105000734329,0.000500082969666,0.734736842105,0.978999716332,7,l1,"{'penalty': 'l1', 'C': 7}",9,0.690376569038,0.987288135593,0.779661016949,0.970711297071,0.00249993801117,0.000500082969666,0.0446413335756,0.00828841926105
13,0.00450003147125,0.000499963760376,0.747368421053,0.957946244947,7,l2,"{'penalty': 'l2', 'C': 7}",4,0.686192468619,0.966101694915,0.809322033898,0.949790794979,0.00150001049042,0.000499963760376,0.0615635547424,0.00815544996809
14,0.00899994373322,0.00100004673004,0.728421052632,0.978999716332,8,l1,"{'penalty': 'l1', 'C': 8}",14,0.677824267782,0.987288135593,0.779661016949,0.970711297071,1.19209289551e-07,1.19209289551e-07,0.0509173590267,0.00828841926105
15,0.00400006771088,0.000500082969666,0.747368421053,0.960038295156,8,l2,"{'penalty': 'l2', 'C': 8}",4,0.686192468619,0.966101694915,0.809322033898,0.953974895397,0.00100004673004,0.000500082969666,0.0615635547424,0.00606339975888
16,0.0129998922348,0.000500082969666,0.724210526316,0.9811183604,9,l1,"{'penalty': 'l1', 'C': 9}",17,0.673640167364,0.991525423729,0.775423728814,0.970711297071,0.00199997425079,0.000500082969666,0.0508907656985,0.0104070633288
17,0.00449991226196,0.00100004673004,0.749473684211,0.962156939224,9,l2,"{'penalty': 'l2', 'C': 9}",1,0.690376569038,0.970338983051,0.809322033898,0.953974895397,0.000499963760376,1.19209289551e-07,0.0594715462587,0.00818204382668
18,0.0140000581741,0.00100004673004,0.726315789474,0.983210410609,10,l1,"{'penalty': 'l1', 'C': 10}",16,0.682008368201,0.991525423729,0.771186440678,0.97489539749,1.19209289551e-07,1.19209289551e-07,0.0445881469193,0.00831501311964
19,0.00499987602234,0.000500082969666,0.749473684211,0.964248989433,10,l2,"{'penalty': 'l2', 'C': 10}",1,0.690376569038,0.970338983051,0.809322033898,0.958158995816,0.000999927520752,0.000500082969666,0.0594715462587,0.00608999361747
