,mean_fit_time,mean_score_time,mean_test_score,mean_train_score,param_C,param_penalty,params,rank_test_score,split0_test_score,split0_train_score,split1_test_score,split1_train_score,std_fit_time,std_score_time,std_test_score,std_train_score
0,0.00400006771088,0.0,0.778393351801,0.859840801524,1,l1,"{'penalty': 'l1', 'C': 1}",3,0.700534759358,0.890804597701,0.862068965517,0.828877005348,1.19209289551e-07,0.0,0.0807147167853,0.0309637961768
1,0.00800001621246,0.000999927520752,0.783933518006,0.865587927961,1,l2,"{'penalty': 'l2', 'C': 1}",1,0.711229946524,0.902298850575,0.862068965517,0.828877005348,0.00199997425079,0.0,0.0753705917013,0.0367109226136
2,0.005499958992,0.00100004673004,0.770083102493,0.884504271928,2,l1,"{'penalty': 'l1', 'C': 2}",6,0.68449197861,0.908045977011,0.862068965517,0.860962566845,0.000500082969666,1.19209289551e-07,0.0887309044112,0.0235417050833
3,0.00850009918213,0.000499963760376,0.781163434903,0.865587927961,2,l2,"{'penalty': 'l2', 'C': 2}",2,0.705882352941,0.902298850575,0.862068965517,0.828877005348,0.00349998474121,0.000499963760376,0.0780426542433,0.0367109226136
4,0.00650012493134,0.000499963760376,0.772853185596,0.900946585531,3,l1,"{'penalty': 'l1', 'C': 3}",5,0.68449197861,0.919540229885,0.867816091954,0.882352941176,0.000500082969666,0.000499963760376,0.0916026038098,0.0185936443543
5,0.00950002670288,0.0,0.775623268698,0.871135287971,3,l2,"{'penalty': 'l2', 'C': 3}",4,0.695187165775,0.908045977011,0.862068965517,0.83422459893,0.00349998474121,0.0,0.0833867793272,0.0369106890405
6,0.00650000572205,0.0,0.767313019391,0.906294179114,4,l1,"{'penalty': 'l1', 'C': 4}",8,0.668449197861,0.919540229885,0.873563218391,0.893048128342,0.000499963760376,0.0,0.102490490834,0.0132460507714
7,0.0110000371933,0.000499963760376,0.767313019391,0.876482881554,4,l2,"{'penalty': 'l2', 'C': 4}",8,0.679144385027,0.908045977011,0.862068965517,0.844919786096,0.00499999523163,0.000499963760376,0.0914029669532,0.0315630954576
8,0.00849986076355,0.0,0.767313019391,0.909167742332,5,l1,"{'penalty': 'l1', 'C': 5}",8,0.668449197861,0.925287356322,0.873563218391,0.893048128342,0.000499963760376,0.0,0.102490490834,0.0161196139898
9,0.0115000009537,0.000499963760376,0.764542936288,0.884704038355,5,l2,"{'penalty': 'l2', 'C': 5}",11,0.673796791444,0.913793103448,0.862068965517,0.855614973262,0.005499958992,0.000499963760376,0.0940750294951,0.0290890650931
10,0.00850009918213,0.000999927520752,0.764542936288,0.914914868769,6,l1,"{'penalty': 'l1', 'C': 6}",11,0.663101604278,0.936781609195,0.873563218391,0.893048128342,0.000499963760376,0.0,0.105162553376,0.0218667404266
11,0.0110000371933,0.000500082969666,0.764542936288,0.887577601574,6,l2,"{'penalty': 'l2', 'C': 6}",11,0.673796791444,0.919540229885,0.862068965517,0.855614973262,0.00499999523163,0.000500082969666,0.0940750294951,0.0319626283115
12,0.0110000371933,0.000499963760376,0.764542936288,0.914914868769,7,l1,"{'penalty': 'l1', 'C': 7}",11,0.663101604278,0.936781609195,0.873563218391,0.893048128342,0.00100004673004,0.000499963760376,0.105162553376,0.0218667404266
13,0.0119999647141,0.000999927520752,0.764542936288,0.890251398365,7,l2,"{'penalty': 'l2', 'C': 7}",11,0.673796791444,0.919540229885,0.862068965517,0.860962566845,0.00599992275238,0.0,0.0940750294951,0.0292888315201
14,0.0119999647141,0.00100004673004,0.764542936288,0.920661995206,8,l1,"{'penalty': 'l1', 'C': 8}",11,0.663101604278,0.948275862069,0.873563218391,0.893048128342,0.00100004673004,1.19209289551e-07,0.105162553376,0.0276138668634
15,0.0145000219345,0.00100004673004,0.764542936288,0.892925195156,8,l2,"{'penalty': 'l2', 'C': 8}",11,0.673796791444,0.919540229885,0.862068965517,0.866310160428,0.00750005245209,1.19209289551e-07,0.0940750294951,0.0266150347286
16,0.0130000114441,0.000999927520752,0.764542936288,0.920661995206,9,l1,"{'penalty': 'l1', 'C': 9}",11,0.663101604278,0.948275862069,0.873563218391,0.893048128342,0.0,0.0,0.105162553376,0.0276138668634
17,0.0135000944138,0.000499963760376,0.764542936288,0.892925195156,9,l2,"{'penalty': 'l2', 'C': 9}",11,0.673796791444,0.919540229885,0.862068965517,0.866310160428,0.00450003147125,0.000499963760376,0.0940750294951,0.0266150347286
18,0.0145000219345,0.000999927520752,0.764542936288,0.920661995206,10,l1,"{'penalty': 'l1', 'C': 10}",11,0.663101604278,0.948275862069,0.873563218391,0.893048128342,0.00250017642975,0.0,0.105162553376,0.0276138668634
19,0.0134999752045,0.00100004673004,0.770083102493,0.898472555166,10,l2,"{'penalty': 'l2', 'C': 10}",6,0.679144385027,0.925287356322,0.867816091954,0.871657754011,0.00550007820129,1.19209289551e-07,0.0942746663517,0.0268148011556
