,mean_fit_time,mean_score_time,mean_test_score,mean_train_score,param_C,param_penalty,params,rank_test_score,split0_test_score,split0_train_score,split1_test_score,split1_train_score,std_fit_time,std_score_time,std_test_score,std_train_score
0,0.0035001039505,0.000499963760376,0.828254847645,0.848546315078,1,l1,"{'penalty': 'l1', 'C': 1}",1,0.791443850267,0.873563218391,0.867816091954,0.823529411765,0.000500082969666,0.000499963760376,0.0381613529702,0.025016903313
1,0.0090000629425,0.00100004673004,0.817174515235,0.843198721495,1,l2,"{'penalty': 'l2', 'C': 1}",2,0.770053475936,0.873563218391,0.867816091954,0.812834224599,0.00300002098083,1.19209289551e-07,0.0488496031381,0.0303644968959
2,0.00700008869171,0.000499963760376,0.783933518006,0.862514598316,2,l1,"{'penalty': 'l1', 'C': 2}",4,0.705882352941,0.890804597701,0.867816091954,0.83422459893,0.00100004673004,0.000499963760376,0.0809143536418,0.0282899993853
3,0.00850021839142,0.000999927520752,0.80055401662,0.856967238306,2,l2,"{'penalty': 'l2', 'C': 2}",3,0.737967914439,0.885057471264,0.867816091954,0.828877005348,0.00150001049042,0.0,0.06488197839,0.0280902329584
4,0.0090000629425,0.000999927520752,0.770083102493,0.870735755117,3,l1,"{'penalty': 'l1', 'C': 3}",7,0.679144385027,0.896551724138,0.867816091954,0.844919786096,0.000999927520752,0.0,0.0942746663517,0.0258159690208
5,0.00849997997284,0.000499963760376,0.781163434903,0.862514598316,3,l2,"{'penalty': 'l2', 'C': 3}",5,0.700534759358,0.890804597701,0.867816091954,0.83422459893,0.00150001049042,0.000499963760376,0.0835864161838,0.0282899993853
6,0.010999917984,0.00100004673004,0.759002770083,0.870735755117,4,l1,"{'penalty': 'l1', 'C': 4}",14,0.657754010695,0.896551724138,0.867816091954,0.844919786096,0.0,1.19209289551e-07,0.10496291652,0.0258159690208
7,0.00950002670288,0.000999927520752,0.772853185596,0.865388161534,4,l2,"{'penalty': 'l2', 'C': 4}",6,0.68449197861,0.896551724138,0.867816091954,0.83422459893,0.00349998474121,0.0,0.0916026038098,0.0311635626037
8,0.0125000476837,0.000999927520752,0.756232686981,0.870735755117,5,l1,"{'penalty': 'l1', 'C': 5}",15,0.652406417112,0.896551724138,0.867816091954,0.844919786096,0.000499963760376,0.0,0.107634979062,0.0258159690208
9,0.0125000476837,0.000499963760376,0.767313019391,0.865388161534,5,l2,"{'penalty': 'l2', 'C': 5}",9,0.673796791444,0.896551724138,0.867816091954,0.83422459893,0.00349998474121,0.000499963760376,0.0969467288937,0.0311635626037
10,0.0155000686646,0.000999927520752,0.753462603878,0.873609318335,6,l1,"{'penalty': 'l1', 'C': 6}",16,0.647058823529,0.902298850575,0.867816091954,0.844919786096,0.000499963760376,0.0,0.110307041604,0.0286895322392
11,0.0110000371933,0.000500082969666,0.767313019391,0.865388161534,6,l2,"{'penalty': 'l2', 'C': 6}",9,0.673796791444,0.896551724138,0.867816091954,0.83422459893,0.00499999523163,0.000500082969666,0.0969467288937,0.0311635626037
12,0.0139999389648,0.000999927520752,0.728531855956,0.876482881554,7,l1,"{'penalty': 'l1', 'C': 7}",17,0.604278074866,0.908045977011,0.862068965517,0.844919786096,0.00399994850159,0.0,0.128811842541,0.0315630954576
13,0.0105000734329,0.000999927520752,0.770083102493,0.868061958326,7,l2,"{'penalty': 'l2', 'C': 7}",7,0.679144385027,0.896551724138,0.867816091954,0.839572192513,0.00249993801117,0.0,0.0942746663517,0.0284897658123
14,0.0164999961853,0.000499963760376,0.728531855956,0.879356444772,8,l1,"{'penalty': 'l1', 'C': 8}",17,0.604278074866,0.913793103448,0.862068965517,0.844919786096,0.00349998474121,0.000499963760376,0.128811842541,0.034436658676
15,0.0104999542236,0.000999927520752,0.764542936288,0.868061958326,8,l2,"{'penalty': 'l2', 'C': 8}",11,0.668449197861,0.896551724138,0.867816091954,0.839572192513,0.00349998474121,0.0,0.0996187914357,0.0284897658123
16,0.0194998979568,0.0,0.728531855956,0.884704038355,9,l1,"{'penalty': 'l1', 'C': 9}",17,0.604278074866,0.913793103448,0.862068965517,0.855614973262,0.00249993801117,0.0,0.128811842541,0.0290890650931
17,0.0115000009537,0.000499963760376,0.764542936288,0.868061958326,9,l2,"{'penalty': 'l2', 'C': 9}",11,0.668449197861,0.896551724138,0.867816091954,0.839572192513,0.00450003147125,0.000499963760376,0.0996187914357,0.0284897658123
18,0.0180000066757,0.000499963760376,0.714681440443,0.884704038355,10,l1,"{'penalty': 'l1', 'C': 10}",20,0.577540106952,0.913793103448,0.862068965517,0.855614973262,0.00400006771088,0.000499963760376,0.142172155251,0.0290890650931
19,0.0125000476837,0.0,0.761772853186,0.870735755117,10,l2,"{'penalty': 'l2', 'C': 10}",13,0.663101604278,0.896551724138,0.867816091954,0.844919786096,0.00449991226196,0.0,0.102290853978,0.0258159690208
