,mean_fit_time,mean_score_time,mean_test_score,mean_train_score,param_C,param_penalty,params,rank_test_score,split0_test_score,split0_train_score,split1_test_score,split1_train_score,std_fit_time,std_score_time,std_test_score,std_train_score
0,0.00450003147125,0.000999927520752,0.806094182825,0.877082180835,1,l1,"{'penalty': 'l1', 'C': 1}",1,0.743315508021,0.925287356322,0.873563218391,0.828877005348,0.000500082969666,0.0,0.0650816152466,0.0482051754871
1,0.00800001621246,0.00100004673004,0.783933518006,0.890850697646,1,l2,"{'penalty': 'l2', 'C': 1}",2,0.711229946524,0.936781609195,0.862068965517,0.844919786096,0.00100004673004,1.19209289551e-07,0.0753705917013,0.0459309115496
2,0.00399994850159,0.000999927520752,0.783933518006,0.90996680804,2,l1,"{'penalty': 'l1', 'C': 2}",2,0.700534759358,0.948275862069,0.873563218391,0.871657754011,0.0,0.0,0.0864581155824,0.0383090540291
3,0.00800001621246,0.000500082969666,0.778393351801,0.907293011248,2,l2,"{'penalty': 'l2', 'C': 2}",5,0.689839572193,0.948275862069,0.873563218391,0.866310160428,0.00300014019012,0.000500082969666,0.0918022406663,0.0409828508206
4,0.00650000572205,0.000499963760376,0.781163434903,0.923935091278,3,l1,"{'penalty': 'l1', 'C': 3}",4,0.689839572193,0.965517241379,0.879310344828,0.882352941176,0.000499963760376,0.000499963760376,0.0946739400649,0.0415821501014
5,0.00849997997284,0.000999927520752,0.770083102493,0.910166574467,3,l2,"{'penalty': 'l2', 'C': 3}",12,0.673796791444,0.954022988506,0.873563218391,0.866310160428,0.00249993801117,0.0,0.0998184282923,0.043856414039
6,0.00650000572205,0.000499963760376,0.778393351801,0.935229577725,4,l1,"{'penalty': 'l1', 'C': 4}",5,0.68449197861,0.98275862069,0.879310344828,0.887700534759,0.00150012969971,0.000499963760376,0.0973460026069,0.0475290429651
7,0.00999999046326,0.000999927520752,0.764542936288,0.915713934477,4,l2,"{'penalty': 'l2', 'C': 4}",15,0.663101604278,0.959770114943,0.873563218391,0.871657754011,0.00399994850159,0.0,0.105162553376,0.0440561804659
8,0.00999999046326,0.000999927520752,0.772853185596,0.937903374516,5,l1,"{'penalty': 'l1', 'C': 5}",9,0.673796791444,0.98275862069,0.879310344828,0.893048128342,0.00399994850159,0.0,0.102690127691,0.0448552461737
9,0.00999999046326,0.000999927520752,0.764542936288,0.921261294486,5,l2,"{'penalty': 'l2', 'C': 5}",15,0.663101604278,0.965517241379,0.873563218391,0.877005347594,0.00399994850159,0.0,0.105162553376,0.0442559468929
10,0.0140000581741,0.000499963760376,0.775623268698,0.940776937734,6,l1,"{'penalty': 'l1', 'C': 6}",7,0.679144385027,0.988505747126,0.879310344828,0.893048128342,0.00400006771088,0.000499963760376,0.100018065149,0.0477288093921
11,0.0124999284744,0.000500082969666,0.764542936288,0.921261294486,6,l2,"{'penalty': 'l2', 'C': 6}",15,0.663101604278,0.965517241379,0.873563218391,0.877005347594,0.00349986553192,0.000500082969666,0.105162553376,0.0442559468929
12,0.0134999752045,0.00100004673004,0.775623268698,0.940776937734,7,l1,"{'penalty': 'l1', 'C': 7}",7,0.673796791444,0.988505747126,0.885057471264,0.893048128342,0.00549983978271,1.19209289551e-07,0.105561827089,0.0477288093921
13,0.0105000734329,0.00100004673004,0.764542936288,0.921261294486,7,l2,"{'penalty': 'l2', 'C': 7}",15,0.663101604278,0.965517241379,0.873563218391,0.877005347594,0.0035001039505,1.19209289551e-07,0.105162553376,0.0442559468929
14,0.0145000219345,0.000500082969666,0.772853185596,0.940776937734,8,l1,"{'penalty': 'l1', 'C': 8}",9,0.668449197861,0.988505747126,0.885057471264,0.893048128342,0.0035001039505,0.000500082969666,0.108233889631,0.0477288093921
15,0.0115000009537,0.000499963760376,0.767313019391,0.921261294486,8,l2,"{'penalty': 'l2', 'C': 8}",14,0.668449197861,0.965517241379,0.873563218391,0.877005347594,0.0035001039505,0.000499963760376,0.102490490834,0.0442559468929
16,0.0165001153946,0.000999927520752,0.772853185596,0.940776937734,9,l1,"{'penalty': 'l1', 'C': 9}",9,0.668449197861,0.988505747126,0.885057471264,0.893048128342,0.00750005245209,0.0,0.108233889631,0.0477288093921
17,0.010999917984,0.000500082969666,0.764542936288,0.921261294486,9,l2,"{'penalty': 'l2', 'C': 9}",15,0.663101604278,0.965517241379,0.873563218391,0.877005347594,0.00300002098083,0.000500082969666,0.105162553376,0.0442559468929
18,0.0150001049042,0.000499963760376,0.770083102493,0.943450734526,10,l1,"{'penalty': 'l1', 'C': 10}",12,0.663101604278,0.988505747126,0.885057471264,0.898395721925,0.00600004196167,0.000499963760376,0.110905952173,0.0450550126007
19,0.0124999284744,0.000999927520752,0.764542936288,0.921261294486,10,l2,"{'penalty': 'l2', 'C': 10}",15,0.663101604278,0.965517241379,0.873563218391,0.877005347594,0.00249993801117,0.0,0.105162553376,0.0442559468929
