,mean_fit_time,mean_score_time,mean_test_score,mean_train_score,param_C,param_penalty,params,rank_test_score,split0_test_score,split0_train_score,split1_test_score,split1_train_score,std_fit_time,std_score_time,std_test_score,std_train_score
0,0.00399994850159,0.000499963760376,0.817174515235,0.86498862868,1,l1,"{'penalty': 'l1', 'C': 1}",1,0.775401069519,0.885057471264,0.862068965517,0.844919786096,0.000999927520752,0.000499963760376,0.0433058411976,0.0200688425841
1,0.00699996948242,0.00100004673004,0.808864265928,0.870735755117,1,l2,"{'penalty': 'l2', 'C': 1}",2,0.75935828877,0.896551724138,0.862068965517,0.844919786096,0.00200009346008,1.19209289551e-07,0.0513220288235,0.0258159690208
2,0.00649988651276,0.00100004673004,0.795013850416,0.876482881554,2,l1,"{'penalty': 'l1', 'C': 2}",4,0.743315508021,0.908045977011,0.850574712644,0.844919786096,0.000500082969666,1.19209289551e-07,0.0535948176523,0.0315630954576
3,0.0074999332428,0.00100004673004,0.803324099723,0.879356444772,2,l2,"{'penalty': 'l2', 'C': 2}",3,0.754010695187,0.913793103448,0.85632183908,0.844919786096,0.00149989128113,1.19209289551e-07,0.0511223919669,0.034436658676
4,0.00700008869171,0.000499963760376,0.783933518006,0.885103571209,3,l1,"{'penalty': 'l1', 'C': 3}",6,0.727272727273,0.925287356322,0.844827586207,0.844919786096,0.00199997425079,0.000499963760376,0.0587393058797,0.0401837851128
5,0.00899994373322,0.00100004673004,0.789473684211,0.882030241564,3,l2,"{'penalty': 'l2', 'C': 3}",5,0.737967914439,0.913793103448,0.844827586207,0.850267379679,0.00199997425079,1.19209289551e-07,0.0533951807957,0.0317628618846
6,0.00950002670288,0.000500082969666,0.761772853186,0.887977134427,4,l1,"{'penalty': 'l1', 'C': 4}",12,0.68449197861,0.931034482759,0.844827586207,0.844919786096,0.00250005722046,0.000500082969666,0.0801158062155,0.0430573483312
7,0.00899994373322,0.0,0.781163434903,0.882030241564,4,l2,"{'penalty': 'l2', 'C': 4}",7,0.72192513369,0.913793103448,0.844827586207,0.850267379679,0.00199997425079,0.0,0.0614113684217,0.0317628618846
8,0.0124999284744,0.000499963760376,0.747922437673,0.896198291229,5,l1,"{'penalty': 'l1', 'C': 5}",15,0.657754010695,0.936781609195,0.844827586207,0.855614973262,0.00450003147125,0.000499963760376,0.0934761189254,0.0405833179667
9,0.00899994373322,0.000499963760376,0.775623268698,0.882030241564,5,l2,"{'penalty': 'l2', 'C': 5}",8,0.711229946524,0.913793103448,0.844827586207,0.850267379679,0.00299990177155,0.000499963760376,0.0667554935056,0.0317628618846
10,0.0135000944138,0.000499963760376,0.745152354571,0.896198291229,6,l1,"{'penalty': 'l1', 'C': 6}",16,0.652406417112,0.936781609195,0.844827586207,0.855614973262,0.00450003147125,0.000499963760376,0.0961481814674,0.0405833179667
11,0.0104999542236,0.00100016593933,0.764542936288,0.884903804782,6,l2,"{'penalty': 'l2', 'C': 6}",9,0.689839572193,0.919540229885,0.844827586207,0.850267379679,0.00250005722046,0.0,0.0774437436735,0.034636425103
12,0.0149998664856,0.00100004673004,0.742382271468,0.896198291229,7,l1,"{'penalty': 'l1', 'C': 7}",17,0.647058823529,0.936781609195,0.844827586207,0.855614973262,0.00300002098083,1.19209289551e-07,0.0988202440093,0.0405833179667
13,0.0100001096725,0.000499963760376,0.764542936288,0.887777368,7,l2,"{'penalty': 'l2', 'C': 7}",9,0.689839572193,0.925287356322,0.844827586207,0.850267379679,0.00199997425079,0.000499963760376,0.0774437436735,0.0375099883213
14,0.0169999599457,0.000499963760376,0.742382271468,0.90441944803,8,l1,"{'penalty': 'l1', 'C': 8}",17,0.647058823529,0.942528735632,0.844827586207,0.866310160428,0.00500011444092,0.000499963760376,0.0988202440093,0.0381092876022
15,0.0110000371933,0.00100004673004,0.764542936288,0.887777368,8,l2,"{'penalty': 'l2', 'C': 8}",9,0.68449197861,0.925287356322,0.850574712644,0.850267379679,0.00300014019012,1.19209289551e-07,0.0829875056141,0.0375099883213
16,0.0195000171661,0.000499963760376,0.739612188366,0.90441944803,9,l1,"{'penalty': 'l1', 'C': 9}",20,0.647058823529,0.942528735632,0.83908045977,0.866310160428,0.00650000572205,0.000499963760376,0.0959485446108,0.0381092876022
17,0.0125000476837,0.000499963760376,0.761772853186,0.887777368,9,l2,"{'penalty': 'l2', 'C': 9}",12,0.679144385027,0.925287356322,0.850574712644,0.850267379679,0.00149989128113,0.000499963760376,0.085659568156,0.0375099883213
18,0.0174999237061,0.0,0.742382271468,0.907093244821,10,l1,"{'penalty': 'l1', 'C': 10}",17,0.647058823529,0.942528735632,0.844827586207,0.871657754011,0.00349998474121,0.0,0.0988202440093,0.0354354908107
19,0.0125000476837,0.000999927520752,0.759002770083,0.887777368,10,l2,"{'penalty': 'l2', 'C': 10}",14,0.673796791444,0.925287356322,0.850574712644,0.850267379679,0.00250005722046,0.0,0.088331630698,0.0375099883213
