,mean_fit_time,mean_score_time,mean_test_score,mean_train_score,param_C,param_penalty,params,rank_test_score,split0_test_score,split0_train_score,split1_test_score,split1_train_score,std_fit_time,std_score_time,std_test_score,std_train_score
0,0.00300002098083,0.000999927520752,0.757894736842,0.863351889937,1,l1,"{'penalty': 'l1', 'C': 1}",1,0.673640167364,0.89406779661,0.843220338983,0.832635983264,0.000999927520752,0.0,0.0847883946884,0.0307159066733
1,0.00300002098083,0.0,0.747368421053,0.857049145451,1,l2,"{'penalty': 'l2', 'C': 1}",7,0.65690376569,0.889830508475,0.838983050847,0.824267782427,0.0,0.0,0.0910378268113,0.0327813630239
2,0.00349998474121,0.000500082969666,0.743157894737,0.865470534005,2,l1,"{'penalty': 'l1', 'C': 2}",14,0.644351464435,0.898305084746,0.843220338983,0.832635983264,0.000499963760376,0.000500082969666,0.0994324540743,0.0328345507411
3,0.0019998550415,0.00100016593933,0.753684210526,0.861233245869,2,l2,"{'penalty': 'l2', 'C': 2}",2,0.661087866109,0.889830508475,0.847457627119,0.832635983264,0.000999927520752,0.0,0.0931830219514,0.0285972626055
4,0.0090000629425,0.000999927520752,0.741052631579,0.869601446706,3,l1,"{'penalty': 'l1', 'C': 3}",18,0.644351464435,0.889830508475,0.838983050847,0.849372384937,0.00300002098083,0.0,0.0973138522624,0.0202290617687
5,0.00150001049042,0.000499963760376,0.751578947368,0.865443940146,3,l2,"{'penalty': 'l2', 'C': 3}",5,0.65690376569,0.89406779661,0.847457627119,0.836820083682,0.000500082969666,0.000499963760376,0.0952750304351,0.0286238564641
6,0.00349998474121,0.000999927520752,0.743157894737,0.873812140983,4,l1,"{'penalty': 'l1', 'C': 4}",14,0.644351464435,0.89406779661,0.843220338983,0.853556485356,0.00149989128113,0.0,0.0994324540743,0.0202556556273
7,0.00250005722046,0.000499963760376,0.753684210526,0.863351889937,4,l2,"{'penalty': 'l2', 'C': 4}",2,0.661087866109,0.89406779661,0.847457627119,0.832635983264,0.000499963760376,0.000499963760376,0.0931830219514,0.0307159066733
8,0.005499958992,0.0,0.747368421053,0.871693496915,5,l1,"{'penalty': 'l1', 'C': 5}",7,0.648535564854,0.889830508475,0.847457627119,0.853556485356,0.00249993801117,0.0,0.0994590474024,0.0181370115595
9,0.00199997425079,0.0,0.753684210526,0.863325296078,5,l2,"{'penalty': 'l2', 'C': 5}",2,0.661087866109,0.889830508475,0.847457627119,0.836820083682,0.00100004673004,0.0,0.0931830219514,0.0265052123963
10,0.00950002670288,0.0,0.743157894737,0.875904191192,6,l1,"{'penalty': 'l1', 'C': 6}",14,0.644351464435,0.89406779661,0.843220338983,0.857740585774,0.00349998474121,0.0,0.0994324540743,0.0181636054181
11,0.00249993801117,0.0,0.751578947368,0.867509396497,6,l2,"{'penalty': 'l2', 'C': 6}",5,0.65690376569,0.889830508475,0.847457627119,0.845188284519,0.000499844551086,0.0,0.0952750304351,0.0223211119779
12,0.00800001621246,0.000499963760376,0.736842105263,0.875904191192,7,l1,"{'penalty': 'l1', 'C': 7}",20,0.635983263598,0.89406779661,0.838983050847,0.857740585774,0.00199997425079,0.000499963760376,0.10149786923,0.0181636054181
13,0.00249993801117,0.0,0.747368421053,0.867509396497,7,l2,"{'penalty': 'l2', 'C': 7}",7,0.652719665272,0.889830508475,0.843220338983,0.845188284519,0.000500082969666,0.0,0.0952484371069,0.0223211119779
14,0.00850009918213,0.000499963760376,0.738947368421,0.875904191192,8,l1,"{'penalty': 'l1', 'C': 8}",19,0.640167364017,0.89406779661,0.838983050847,0.857740585774,0.00250005722046,0.000499963760376,0.0994058607461,0.0181636054181
15,0.00250005722046,0.0,0.747368421053,0.865390752429,8,l2,"{'penalty': 'l2', 'C': 8}",7,0.65690376569,0.885593220339,0.838983050847,0.845188284519,0.000499963760376,0.0,0.0910378268113,0.0202024679101
16,0.0090000629425,0.0,0.743157894737,0.875904191192,9,l1,"{'penalty': 'l1', 'C': 9}",14,0.644351464435,0.89406779661,0.843220338983,0.857740585774,0.0,0.0,0.0994324540743,0.0181636054181
17,0.00249993801117,0.0,0.745263157895,0.865390752429,9,l2,"{'penalty': 'l2', 'C': 9}",11,0.652719665272,0.885593220339,0.838983050847,0.845188284519,0.000500082969666,0.0,0.093129835295,0.0202024679101
18,0.00650000572205,0.00100004673004,0.745263157895,0.873812140983,10,l1,"{'penalty': 'l1', 'C': 10}",11,0.648535564854,0.89406779661,0.843220338983,0.853556485356,0.00250005722046,1.19209289551e-07,0.0973404455906,0.0202556556273
19,0.00250005722046,0.000999927520752,0.745263157895,0.865390752429,10,l2,"{'penalty': 'l2', 'C': 10}",11,0.652719665272,0.885593220339,0.838983050847,0.845188284519,0.000499963760376,0.0,0.093129835295,0.0202024679101
