,mean_fit_time,mean_score_time,mean_test_score,mean_train_score,param_C,param_penalty,params,rank_test_score,split0_test_score,split0_train_score,split1_test_score,split1_train_score,std_fit_time,std_score_time,std_test_score,std_train_score
0,0.00349998474121,0.000499963760376,0.703157894737,0.82344337281,1,l1,"{'penalty': 'l1', 'C': 1}",20,0.669456066946,0.868644067797,0.737288135593,0.778242677824,0.000499963760376,0.000499963760376,0.0339153578754,0.0452006949862
1,0.00150012969971,0.000499963760376,0.713684210526,0.821324728743,1,l2,"{'penalty': 'l2', 'C': 1}",17,0.669456066946,0.864406779661,0.758474576271,0.778242677824,0.000499963760376,0.000499963760376,0.0445083669347,0.0430820509184
2,0.00849997997284,0.0,0.713684210526,0.831838167506,2,l1,"{'penalty': 'l1', 'C': 2}",17,0.673640167364,0.872881355932,0.754237288136,0.790794979079,0.00249993801117,0.0,0.0402977566392,0.0410431884264
3,0.00149989128113,0.0,0.724210526316,0.827654067087,2,l2,"{'penalty': 'l2', 'C': 2}",15,0.694560669456,0.872881355932,0.754237288136,0.782426778243,0.000499963760376,0.0,0.0298377142207,0.0452272888448
4,0.00600004196167,0.000499963760376,0.713684210526,0.842404793986,3,l1,"{'penalty': 'l1', 'C': 3}",17,0.673640167364,0.889830508475,0.754237288136,0.794979079498,0.000999927520752,0.000499963760376,0.0402977566392,0.0474257144883
5,0.00149989128113,0.0,0.726315789474,0.829719523438,3,l2,"{'penalty': 'l2', 'C': 3}",6,0.694560669456,0.868644067797,0.758474576271,0.790794979079,0.000499963760376,0.0,0.0319563160326,0.0389245443586
6,0.00700008869171,0.0,0.726315789474,0.848707538472,4,l1,"{'penalty': 'l1', 'C': 4}",6,0.682008368201,0.89406779661,0.771186440678,0.803347280335,0.00100004673004,0.0,0.0445881469193,0.0453602581377
7,0.00200009346008,0.00100004673004,0.726315789474,0.829719523438,4,l2,"{'penalty': 'l2', 'C': 4}",6,0.694560669456,0.868644067797,0.758474576271,0.790794979079,0.000999927520752,1.19209289551e-07,0.0319563160326,0.0389245443586
8,0.0090000629425,0.0,0.726315789474,0.850799588682,5,l1,"{'penalty': 'l1', 'C': 5}",6,0.682008368201,0.89406779661,0.771186440678,0.807531380753,0.00399994850159,0.0,0.0445881469193,0.0432682079285
9,0.00150001049042,0.000999927520752,0.728421052632,0.838140911992,5,l2,"{'penalty': 'l2', 'C': 5}",5,0.694560669456,0.877118644068,0.762711864407,0.799163179916,0.000500082969666,0.0,0.0340749178445,0.0389777320757
10,0.0129998922348,0.000500082969666,0.72,0.852891638891,6,l1,"{'penalty': 'l1', 'C': 6}",16,0.686192468619,0.89406779661,0.754237288136,0.811715481172,0.00299990177155,0.000500082969666,0.0340217311881,0.0411761577193
11,0.00250005722046,0.000499963760376,0.726315789474,0.838140911992,6,l2,"{'penalty': 'l2', 'C': 6}",6,0.694560669456,0.877118644068,0.758474576271,0.799163179916,0.000499963760376,0.000499963760376,0.0319563160326,0.0389777320757
12,0.00949990749359,0.00100004673004,0.730526315789,0.850772994823,7,l1,"{'penalty': 'l1', 'C': 7}",4,0.707112970711,0.889830508475,0.754237288136,0.811715481172,0.00249993801117,1.19209289551e-07,0.0235616887697,0.0390575136515
13,0.00250005722046,0.0,0.726315789474,0.838140911992,7,l2,"{'penalty': 'l2', 'C': 7}",6,0.694560669456,0.877118644068,0.758474576271,0.799163179916,0.000499963760376,0.0,0.0319563160326,0.0389777320757
14,0.00949990749359,0.0,0.732631578947,0.850772994823,8,l1,"{'penalty': 'l1', 'C': 8}",3,0.71129707113,0.889830508475,0.754237288136,0.811715481172,0.000500082969666,0.0,0.021469680286,0.0390575136515
15,0.00150001049042,0.000999927520752,0.726315789474,0.842351606269,8,l2,"{'penalty': 'l2', 'C': 8}",6,0.694560669456,0.881355932203,0.758474576271,0.803347280335,0.000499844551086,0.0,0.0319563160326,0.0390043259343
16,0.00849997997284,0.000499963760376,0.736842105263,0.852891638891,9,l1,"{'penalty': 'l1', 'C': 9}",2,0.715481171548,0.89406779661,0.758474576271,0.811715481172,0.000500082969666,0.000499963760376,0.0214962736142,0.0411761577193
17,0.00199997425079,0.000499963760376,0.726315789474,0.842351606269,9,l2,"{'penalty': 'l2', 'C': 9}",6,0.694560669456,0.881355932203,0.758474576271,0.803347280335,1.19209289551e-07,0.000499963760376,0.0319563160326,0.0390043259343
18,0.00949990749359,0.000499963760376,0.743157894737,0.852891638891,10,l1,"{'penalty': 'l1', 'C': 10}",1,0.719665271967,0.89406779661,0.766949152542,0.811715481172,0.00150001049042,0.000499963760376,0.0236414687542,0.0411761577193
19,0.00199997425079,0.000499963760376,0.726315789474,0.842351606269,10,l2,"{'penalty': 'l2', 'C': 10}",6,0.694560669456,0.881355932203,0.758474576271,0.803347280335,0.00100004673004,0.000499963760376,0.0319563160326,0.0390043259343
