,mean_fit_time,mean_score_time,mean_test_score,mean_train_score,param_C,param_penalty,params,rank_test_score,split0_test_score,split0_train_score,split1_test_score,split1_train_score,std_fit_time,std_score_time,std_test_score,std_train_score
0,0.00249993801117,0.000500082969666,0.753684210526,0.895184738671,1,l1,"{'penalty': 'l1', 'C': 1}",19,0.644351464435,0.966101694915,0.864406779661,0.824267782427,0.000500082969666,0.000500082969666,0.110025463134,0.0709169562442
1,0.00150001049042,0.00100004673004,0.774736842105,0.878262179987,1,l2,"{'penalty': 'l2', 'C': 1}",10,0.682008368201,0.936440677966,0.868644067797,0.820083682008,0.000499844551086,1.19209289551e-07,0.0933159885923,0.0581784979789
2,0.00499999523163,0.00100004673004,0.757894736842,0.89727678888,2,l1,"{'penalty': 'l1', 'C': 2}",18,0.648535564854,0.966101694915,0.868644067797,0.828451882845,0.00100004673004,1.19209289551e-07,0.110052056462,0.068824906035
3,0.00150001049042,0.000500082969666,0.781052631579,0.882446280406,2,l2,"{'penalty': 'l2', 'C': 2}",9,0.702928870293,0.936440677966,0.860169491525,0.828451882845,0.000500082969666,0.000500082969666,0.0786187425501,0.0539943975605
4,0.00599992275238,0.0,0.753684210526,0.907763633785,3,l1,"{'penalty': 'l1', 'C': 3}",19,0.644351464435,0.970338983051,0.864406779661,0.845188284519,1.19209289551e-07,0.0,0.110025463134,0.062575349266
5,0.00150001049042,0.0,0.785263157895,0.888802212609,3,l2,"{'penalty': 'l2', 'C': 3}",6,0.707112970711,0.949152542373,0.864406779661,0.828451882845,0.000500082969666,0.0,0.0786453358783,0.0603503297638
6,0.00700008869171,0.000499963760376,0.766315789474,0.907763633785,4,l1,"{'penalty': 'l1', 'C': 4}",17,0.665271966527,0.970338983051,0.868644067797,0.845188284519,0.00100004673004,0.000499963760376,0.101684022527,0.062575349266
7,0.00200009346008,0.000499963760376,0.785263157895,0.897197007304,4,l2,"{'penalty': 'l2', 'C': 4}",6,0.707112970711,0.953389830508,0.864406779661,0.8410041841,0.0,0.000499963760376,0.0786453358783,0.056192823204
8,0.00800001621246,0.000499963760376,0.772631578947,0.903579533366,5,l1,"{'penalty': 'l1', 'C': 5}",11,0.677824267782,0.970338983051,0.868644067797,0.836820083682,0.00100004673004,0.000499963760376,0.095407997076,0.0667594496844
9,0.00200009346008,0.000499963760376,0.785263157895,0.901407701581,5,l2,"{'penalty': 'l2', 'C': 5}",6,0.707112970711,0.957627118644,0.864406779661,0.845188284519,0.0,0.000499963760376,0.0786453358783,0.0562194170626
10,0.00650000572205,0.0,0.770526315789,0.903552939508,6,l1,"{'penalty': 'l1', 'C': 6}",13,0.673640167364,0.966101694915,0.868644067797,0.8410041841,0.000499963760376,0.0,0.0975000055597,0.0625487554074
11,0.00199997425079,0.000500082969666,0.787368421053,0.903499751791,6,l2,"{'penalty': 'l2', 'C': 6}",5,0.707112970711,0.957627118644,0.868644067797,0.849372384937,0.00100004673004,0.000500082969666,0.0807639376902,0.0541273668534
12,0.00650000572205,0.0,0.770526315789,0.903552939508,7,l1,"{'penalty': 'l1', 'C': 7}",13,0.669456066946,0.966101694915,0.872881355932,0.8410041841,0.000499963760376,0.0,0.101710615855,0.0625487554074
13,0.00150001049042,0.000499963760376,0.791578947368,0.903499751791,7,l2,"{'penalty': 'l2', 'C': 7}",3,0.71129707113,0.957627118644,0.872881355932,0.849372384937,0.000500082969666,0.000499963760376,0.0807905310183,0.0541273668534
14,0.0074999332428,0.0,0.770526315789,0.905644989717,8,l1,"{'penalty': 'l1', 'C': 8}",13,0.669456066946,0.966101694915,0.872881355932,0.845188284519,0.00250005722046,0.0,0.101710615855,0.0604567051982
15,0.00199997425079,0.0,0.793684210526,0.905618395858,8,l2,"{'penalty': 'l2', 'C': 8}",1,0.715481171548,0.96186440678,0.872881355932,0.849372384937,0.00100004673004,0.0,0.0786985225347,0.0562460109212
16,0.00950002670288,0.000499963760376,0.772631578947,0.905644989717,9,l1,"{'penalty': 'l1', 'C': 9}",11,0.669456066946,0.966101694915,0.877118644068,0.845188284519,0.00250005722046,0.000499963760376,0.103829217667,0.0604567051982
17,0.00199997425079,0.000499963760376,0.793684210526,0.907737039926,9,l2,"{'penalty': 'l2', 'C': 9}",1,0.715481171548,0.966101694915,0.872881355932,0.849372384937,0.00100004673004,0.000499963760376,0.0786985225347,0.058364654989
18,0.0110000371933,0.000499963760376,0.770526315789,0.905644989717,10,l1,"{'penalty': 'l1', 'C': 10}",13,0.665271966527,0.966101694915,0.877118644068,0.845188284519,0.00499999523163,0.000499963760376,0.105921226151,0.0604567051982
19,0.00150001049042,0.000999927520752,0.791578947368,0.907737039926,10,l2,"{'penalty': 'l2', 'C': 10}",3,0.71129707113,0.966101694915,0.872881355932,0.849372384937,0.000500082969666,0.0,0.0807905310183,0.058364654989
