,mean_fit_time,mean_score_time,mean_test_score,mean_train_score,param_C,param_penalty,params,rank_test_score,split0_test_score,split0_train_score,split1_test_score,split1_train_score,std_fit_time,std_score_time,std_test_score,std_train_score
0,0.00450003147125,0.000500082969666,0.717894736842,0.827813630239,1,l1,"{'penalty': 'l1', 'C': 1}",8,0.65690376569,0.898305084746,0.779661016949,0.757322175732,0.00150001049042,0.000500082969666,0.0613774014451,0.0704914545068
1,0.00200009346008,0.000499963760376,0.717894736842,0.834116374725,1,l2,"{'penalty': 'l2', 'C': 1}",8,0.65690376569,0.902542372881,0.779661016949,0.765690376569,0.0,0.000499963760376,0.0613774014451,0.0684259981562
2,0.00650000572205,0.000499963760376,0.72,0.848867101624,2,l1,"{'penalty': 'l1', 'C': 2}",5,0.673640167364,0.919491525424,0.766949152542,0.778242677824,0.00250005722046,0.000499963760376,0.0466535620748,0.0706244237997
3,0.00250005722046,0.0,0.715789473684,0.838300475144,2,l2,"{'penalty': 'l2', 'C': 2}",17,0.65690376569,0.902542372881,0.775423728814,0.774058577406,0.000499963760376,0.0,0.0592587996333,0.0642418977377
4,0.00699996948242,0.000500082969666,0.72,0.859407134246,3,l1,"{'penalty': 'l1', 'C': 3}",5,0.673640167364,0.932203389831,0.766949152542,0.786610878661,0.00399994850159,0.000500082969666,0.0466535620748,0.0727962555847
5,0.00200009346008,0.000499963760376,0.715789473684,0.84460321963,3,l2,"{'penalty': 'l2', 'C': 3}",17,0.665271966527,0.906779661017,0.766949152542,0.782426778243,0.000999927520752,0.000499963760376,0.0508375790422,0.0621764413871
6,0.00899994373322,0.000500082969666,0.726315789474,0.8678285228,4,l1,"{'penalty': 'l1', 'C': 4}",1,0.690376569038,0.940677966102,0.762711864407,0.794979079498,0.00599992275238,0.000500082969666,0.0361669263282,0.0728494433019
7,0.00150001049042,0.0,0.715789473684,0.84460321963,4,l2,"{'penalty': 'l2', 'C': 4}",17,0.669456066946,0.906779661017,0.762711864407,0.782426778243,0.000499844551086,0.0,0.0466269687466,0.0621764413871
8,0.010999917984,0.000499963760376,0.724210526316,0.876196723637,5,l1,"{'penalty': 'l1', 'C': 5}",2,0.686192468619,0.940677966102,0.762711864407,0.811715481172,0.00399994850159,0.000499963760376,0.0382589348118,0.0644812424651
9,0.00150001049042,0.000500082969666,0.717894736842,0.848840507765,5,l2,"{'penalty': 'l2', 'C': 5}",8,0.673640167364,0.915254237288,0.762711864407,0.782426778243,0.000500082969666,0.000500082969666,0.0445349602629,0.0664137295227
10,0.0124998092651,0.00100016593933,0.724210526316,0.876223317495,6,l1,"{'penalty': 'l1', 'C': 6}",2,0.686192468619,0.944915254237,0.762711864407,0.807531380753,0.00349998474121,0.0,0.0382589348118,0.0686919367421
11,0.00150012969971,0.0,0.72,0.850932557975,6,l2,"{'penalty': 'l2', 'C': 6}",5,0.677824267782,0.915254237288,0.762711864407,0.786610878661,0.000499963760376,0.0,0.0424429517792,0.0643216793135
12,0.0115000009537,0.0,0.717894736842,0.878315367704,7,l1,"{'penalty': 'l1', 'C': 7}",8,0.669456066946,0.944915254237,0.766949152542,0.811715481172,0.00249993801117,0.0,0.0487455705585,0.0665998865329
13,0.00200009346008,0.000499963760376,0.717894736842,0.855143252252,7,l2,"{'penalty': 'l2', 'C': 7}",8,0.677824267782,0.919491525424,0.758474576271,0.790794979079,0.0,0.000499963760376,0.0403243499674,0.0643482731721
14,0.0120000839233,0.0,0.715789473684,0.880407417914,8,l1,"{'penalty': 'l1', 'C': 8}",17,0.669456066946,0.944915254237,0.762711864407,0.81589958159,0.00499987602234,0.0,0.0466269687466,0.0645078363237
15,0.00199997425079,0.000500082969666,0.717894736842,0.857261896319,8,l2,"{'penalty': 'l2', 'C': 8}",8,0.677824267782,0.923728813559,0.758474576271,0.790794979079,0.00100004673004,0.000500082969666,0.0403243499674,0.0664669172399
16,0.0115000009537,0.000499963760376,0.717894736842,0.880407417914,9,l1,"{'penalty': 'l1', 'C': 9}",8,0.669456066946,0.944915254237,0.766949152542,0.81589958159,0.00349986553192,0.000499963760376,0.0487455705585,0.0645078363237
17,0.00199997425079,0.000500082969666,0.717894736842,0.857288490178,9,l2,"{'penalty': 'l2', 'C': 9}",8,0.677824267782,0.927966101695,0.758474576271,0.786610878661,0.00100004673004,0.000500082969666,0.0403243499674,0.0706776115169
18,0.0119999647141,0.0,0.722105263158,0.880407417914,10,l1,"{'penalty': 'l1', 'C': 10}",4,0.669456066946,0.944915254237,0.775423728814,0.81589958159,0.00600016117096,0.0,0.0529827741822,0.0645078363237
19,0.00199997425079,0.000500082969666,0.717894736842,0.857288490178,10,l2,"{'penalty': 'l2', 'C': 10}",8,0.677824267782,0.927966101695,0.758474576271,0.786610878661,1.19209289551e-07,0.000500082969666,0.0403243499674,0.0706776115169
