,mean_fit_time,mean_score_time,mean_test_score,mean_train_score,param_C,param_penalty,params,rank_test_score,split0_test_score,split0_train_score,split1_test_score,split1_train_score,std_fit_time,std_score_time,std_test_score,std_train_score
0,0.00250005722046,0.0,0.688421052632,0.833956811574,1,l1,"{'penalty': 'l1', 'C': 1}",20,0.63179916318,0.877118644068,0.745762711864,0.790794979079,0.000499963760376,0.0,0.0569806378523,0.0431618324941
1,0.00199997425079,0.0,0.692631578947,0.833983405432,1,l2,"{'penalty': 'l2', 'C': 1}",19,0.644351464435,0.881355932203,0.741525423729,0.786610878661,1.19209289551e-07,0.0,0.0485860105894,0.0473725267712
2,0.00349986553192,0.0,0.703157894737,0.848680944614,2,l1,"{'penalty': 'l1', 'C': 2}",13,0.644351464435,0.889830508475,0.762711864407,0.807531380753,0.000500082969666,0.0,0.0591790196487,0.0411495638607
3,0.00200009346008,0.0,0.694736842105,0.842404793986,2,l2,"{'penalty': 'l2', 'C': 2}",18,0.648535564854,0.889830508475,0.741525423729,0.794979079498,0.0,0.0,0.0464940021057,0.0474257144883
4,0.00499987602234,0.0,0.709473684211,0.8549836891,3,l1,"{'penalty': 'l1', 'C': 3}",9,0.652719665272,0.89406779661,0.766949152542,0.81589958159,0.0,0.0,0.0571136044932,0.0390841075101
5,0.00150001049042,0.0,0.701052631579,0.844523438054,3,l2,"{'penalty': 'l2', 'C': 3}",15,0.644351464435,0.89406779661,0.758474576271,0.794979079498,0.000500082969666,0.0,0.0570604178369,0.0495443585561
6,0.00650000572205,0.0,0.713684210526,0.859220977236,4,l1,"{'penalty': 'l1', 'C': 4}",6,0.65690376569,0.902542372881,0.771186440678,0.81589958159,0.00149989128113,0.0,0.0571401978214,0.0433213956457
7,0.00200009346008,0.000499963760376,0.698947368421,0.842404793986,4,l2,"{'penalty': 'l2', 'C': 4}",16,0.640167364017,0.889830508475,0.758474576271,0.794979079498,0.0,0.000499963760376,0.0591524263205,0.0474257144883
8,0.0074999332428,0.0,0.713684210526,0.861313027445,5,l1,"{'penalty': 'l1', 'C': 5}",6,0.65690376569,0.902542372881,0.771186440678,0.820083682008,0.000499963760376,0.0,0.0571401978214,0.0412293454365
9,0.00300002098083,0.000499963760376,0.698947368421,0.848707538472,5,l2,"{'penalty': 'l2', 'C': 5}",16,0.635983263598,0.89406779661,0.762711864407,0.803347280335,0.000999927520752,0.000499963760376,0.0633630366161,0.0453602581377
10,0.00800001621246,0.0,0.722105263158,0.863431671513,6,l1,"{'penalty': 'l1', 'C': 6}",2,0.661087866109,0.906779661017,0.783898305085,0.820083682008,0.00299990177155,0.0,0.0614039947733,0.0433479895043
11,0.00200009346008,0.000499963760376,0.703157894737,0.850799588682,6,l2,"{'penalty': 'l2', 'C': 6}",13,0.640167364017,0.89406779661,0.766949152542,0.807531380753,0.0,0.000499963760376,0.0633896299443,0.0432682079285
12,0.00999999046326,0.0,0.724210526316,0.865523721722,7,l1,"{'penalty': 'l1', 'C': 7}",1,0.661087866109,0.906779661017,0.78813559322,0.824267782427,0.00399994850159,0.0,0.0635225965852,0.0412559392951
13,0.00150001049042,0.00100004673004,0.709473684211,0.852891638891,7,l2,"{'penalty': 'l2', 'C': 7}",9,0.640167364017,0.89406779661,0.779661016949,0.811715481172,0.000500082969666,1.19209289551e-07,0.0697454353799,0.0411761577193
14,0.00849997997284,0.000500082969666,0.722105263158,0.865523721722,8,l1,"{'penalty': 'l1', 'C': 8}",2,0.65690376569,0.906779661017,0.78813559322,0.824267782427,0.00150001049042,0.000500082969666,0.0656146050689,0.0412559392951
15,0.00150012969971,0.000499963760376,0.709473684211,0.8549836891,8,l2,"{'penalty': 'l2', 'C': 8}",9,0.640167364017,0.89406779661,0.779661016949,0.81589958159,0.000499963760376,0.000499963760376,0.0697454353799,0.0390841075101
16,0.0124999284744,0.000499963760376,0.72,0.867615771931,9,l1,"{'penalty': 'l1', 'C': 9}",4,0.652719665272,0.906779661017,0.78813559322,0.828451882845,0.00450003147125,0.000499963760376,0.0677066135526,0.0391638890859
17,0.00250005722046,0.0,0.709473684211,0.8549836891,9,l2,"{'penalty': 'l2', 'C': 9}",9,0.640167364017,0.89406779661,0.779661016949,0.81589958159,0.000499963760376,0.0,0.0697454353799,0.0390841075101
18,0.0100001096725,0.0,0.72,0.867615771931,10,l1,"{'penalty': 'l1', 'C': 10}",4,0.652719665272,0.906779661017,0.78813559322,0.828451882845,0.00199997425079,0.0,0.0677066135526,0.0391638890859
19,0.00299990177155,0.000499963760376,0.711578947368,0.857102333168,10,l2,"{'penalty': 'l2', 'C': 10}",8,0.644351464435,0.898305084746,0.779661016949,0.81589958159,0.00100004673004,0.000499963760376,0.0676534268962,0.0412027515779
