,mean_fit_time,mean_score_time,mean_test_score,mean_train_score,param_C,param_penalty,params,rank_test_score,split0_test_score,split0_train_score,split1_test_score,split1_train_score,std_fit_time,std_score_time,std_test_score,std_train_score
0,0.00300002098083,0.000499963760376,0.730526315789,0.880221260903,1,l1,"{'penalty': 'l1', 'C': 1}",16,0.686192468619,0.915254237288,0.775423728814,0.845188284519,0.0,0.000499963760376,0.0446147402475,0.0350329763847
1,0.00149989128113,0.00100004673004,0.72,0.88443195518,1,l2,"{'penalty': 'l2', 'C': 1}",20,0.682008368201,0.919491525424,0.758474576271,0.849372384937,0.000499963760376,1.19209289551e-07,0.0382323414837,0.0350595702432
2,0.00399994850159,0.000499963760376,0.734736842105,0.892826749876,2,l1,"{'penalty': 'l1', 'C': 2}",8,0.690376569038,0.923728813559,0.779661016949,0.861924686192,0.0,0.000499963760376,0.0446413335756,0.0309020636834
3,0.00150001049042,0.0,0.730526315789,0.882313311113,2,l2,"{'penalty': 'l2', 'C': 2}",16,0.686192468619,0.915254237288,0.775423728814,0.849372384937,0.000500082969666,0.0,0.0446147402475,0.0329409261754
4,0.005499958992,0.00100004673004,0.732631578947,0.897037444153,3,l1,"{'penalty': 'l1', 'C': 3}",15,0.686192468619,0.927966101695,0.779661016949,0.866108786611,0.000499844551086,1.19209289551e-07,0.0467333420593,0.030928657542
5,0.00250005722046,0.000499963760376,0.728421052632,0.892826749876,3,l2,"{'penalty': 'l2', 'C': 3}",18,0.682008368201,0.923728813559,0.775423728814,0.861924686192,0.000499963760376,0.000499963760376,0.0467067487311,0.0309020636834
6,0.00600016117096,0.0,0.734736842105,0.905512020424,4,l1,"{'penalty': 'l1', 'C': 4}",8,0.686192468619,0.944915254237,0.783898305085,0.866108786611,0.00100004673004,0.0,0.0488519438712,0.0394032338132
7,0.00150012969971,0.000499963760376,0.728421052632,0.890734699667,4,l2,"{'penalty': 'l2', 'C': 4}",18,0.682008368201,0.923728813559,0.775423728814,0.857740585774,0.000499963760376,0.000499963760376,0.0467067487311,0.0329941138926
8,0.00799989700317,0.000499963760376,0.734736842105,0.907630664492,5,l1,"{'penalty': 'l1', 'C': 5}",8,0.686192468619,0.949152542373,0.783898305085,0.866108786611,0.000999927520752,0.000499963760376,0.0488519438712,0.041521877881
9,0.00200009346008,0.0,0.734736842105,0.894945393944,5,l2,"{'penalty': 'l2', 'C': 5}",8,0.686192468619,0.927966101695,0.783898305085,0.861924686192,0.0,0.0,0.0488519438712,0.0330207077512
10,0.00900018215179,0.0,0.736842105263,0.907630664492,6,l1,"{'penalty': 'l1', 'C': 6}",6,0.690376569038,0.949152542373,0.783898305085,0.866108786611,0.00199997425079,0.0,0.0467599353875,0.041521877881
11,0.00150012969971,0.000499963760376,0.734736842105,0.894945393944,6,l2,"{'penalty': 'l2', 'C': 6}",8,0.686192468619,0.927966101695,0.783898305085,0.861924686192,0.000499963760376,0.000499963760376,0.0488519438712,0.0330207077512
12,0.010999917984,0.000499963760376,0.738947368421,0.907630664492,7,l1,"{'penalty': 'l1', 'C': 7}",3,0.690376569038,0.949152542373,0.78813559322,0.866108786611,0.0,0.000499963760376,0.0488785371994,0.041521877881
13,0.00150001049042,0.000499963760376,0.736842105263,0.894945393944,7,l2,"{'penalty': 'l2', 'C': 7}",6,0.690376569038,0.927966101695,0.783898305085,0.861924686192,0.000500082969666,0.000499963760376,0.0467599353875,0.0330207077512
14,0.0119999647141,0.0,0.738947368421,0.909722714701,8,l1,"{'penalty': 'l1', 'C': 8}",3,0.694560669456,0.949152542373,0.783898305085,0.870292887029,0.00199997425079,0.0,0.0446679269038,0.0394298276718
15,0.00249993801117,0.000499963760376,0.738947368421,0.894945393944,8,l2,"{'penalty': 'l2', 'C': 8}",3,0.690376569038,0.927966101695,0.78813559322,0.861924686192,0.000500082969666,0.000499963760376,0.0488785371994,0.0330207077512
16,0.0119999647141,0.00100004673004,0.741052631579,0.909722714701,9,l1,"{'penalty': 'l1', 'C': 9}",2,0.698744769874,0.949152542373,0.783898305085,0.870292887029,0.00400006771088,1.19209289551e-07,0.0425759184201,0.0394298276718
17,0.00249993801117,0.000500082969666,0.734736842105,0.894945393944,9,l2,"{'penalty': 'l2', 'C': 9}",8,0.690376569038,0.927966101695,0.779661016949,0.861924686192,0.000500082969666,0.000500082969666,0.0446413335756,0.0330207077512
18,0.0149999856949,0.000499963760376,0.745263157895,0.913933408978,10,l1,"{'penalty': 'l1', 'C': 10}",1,0.702928870293,0.953389830508,0.78813559322,0.874476987448,0.00199997425079,0.000499963760376,0.0426025117483,0.0394564215304
19,0.0019998550415,0.000500082969666,0.734736842105,0.897064038011,10,l2,"{'penalty': 'l2', 'C': 10}",8,0.690376569038,0.932203389831,0.779661016949,0.861924686192,0.0,0.000500082969666,0.0446413335756,0.035139351819
