,mean_fit_time,mean_score_time,mean_test_score,mean_train_score,param_C,param_penalty,params,rank_test_score,split0_test_score,split0_train_score,split1_test_score,split1_train_score,std_fit_time,std_score_time,std_test_score,std_train_score
0,0.00199997425079,0.000999927520752,0.724210526316,0.840206368343,1,l1,"{'penalty': 'l1', 'C': 1}",17,0.677824267782,0.872881355932,0.771186440678,0.807531380753,0.00100004673004,0.0,0.046680155403,0.0326749875895
1,0.0019998550415,0.0,0.709473684211,0.842298418552,1,l2,"{'penalty': 'l2', 'C': 1}",20,0.648535564854,0.872881355932,0.771186440678,0.811715481172,0.0,0.0,0.0613242147888,0.0305829373803
2,0.00399994850159,0.000499963760376,0.713684210526,0.859114601801,2,l1,"{'penalty': 'l1', 'C': 2}",19,0.644351464435,0.885593220339,0.783898305085,0.832635983264,0.0,0.000499963760376,0.0697720287081,0.0264786185377
3,0.00199997425079,0.000500082969666,0.728421052632,0.852865045032,2,l2,"{'penalty': 'l2', 'C': 2}",16,0.640167364017,0.889830508475,0.817796610169,0.81589958159,1.19209289551e-07,0.000500082969666,0.0888128516867,0.0369654634423
4,0.00599992275238,0.00100004673004,0.722105263158,0.854930501383,3,l1,"{'penalty': 'l1', 'C': 3}",18,0.65690376569,0.885593220339,0.78813559322,0.824267782427,0.00199997425079,1.19209289551e-07,0.0656146050689,0.0306627189561
5,0.00150001049042,0.000499963760376,0.732631578947,0.857049145451,3,l2,"{'penalty': 'l2', 'C': 3}",15,0.644351464435,0.889830508475,0.822033898305,0.824267782427,0.000499844551086,0.000499963760376,0.0888394450149,0.0327813630239
6,0.0074999332428,0.0,0.751578947368,0.863378483795,4,l1,"{'penalty': 'l1', 'C': 4}",1,0.661087866109,0.898305084746,0.843220338983,0.828451882845,0.00349998474121,0.0,0.0910644201395,0.0349266009503
7,0.00199997425079,0.000499963760376,0.736842105263,0.863378483795,4,l2,"{'penalty': 'l2', 'C': 4}",14,0.644351464435,0.898305084746,0.830508474576,0.828451882845,0.00100004673004,0.000499963760376,0.0930766486387,0.0349266009503
8,0.00800001621246,0.0,0.749473684211,0.869654634423,5,l1,"{'penalty': 'l1', 'C': 5}",7,0.665271966527,0.898305084746,0.834745762712,0.8410041841,0.00100004673004,0.0,0.0847352080321,0.0286504503227
9,0.00150012969971,0.000499963760376,0.741052631579,0.859194383377,5,l2,"{'penalty': 'l2', 'C': 5}",9,0.648535564854,0.898305084746,0.834745762712,0.820083682008,0.000499963760376,0.000499963760376,0.0931032419668,0.0391107013687
10,0.00999987125397,0.000500082969666,0.751578947368,0.871746684632,6,l1,"{'penalty': 'l1', 'C': 6}",1,0.669456066946,0.898305084746,0.834745762712,0.845188284519,0.00199997425079,0.000500082969666,0.0826431995484,0.0265584001135
11,0.00250005722046,0.0,0.741052631579,0.861259839728,6,l2,"{'penalty': 'l2', 'C': 6}",9,0.652719665272,0.89406779661,0.830508474576,0.828451882845,0.000499963760376,0.0,0.0888926316713,0.0328079568825
12,0.00950002670288,0.000499963760376,0.751578947368,0.87802283526,7,l1,"{'penalty': 'l1', 'C': 7}",1,0.669456066946,0.898305084746,0.834745762712,0.857740585774,0.000499963760376,0.000499963760376,0.0826431995484,0.0202822494859
13,0.00249993801117,0.0,0.743157894737,0.861259839728,7,l2,"{'penalty': 'l2', 'C': 7}",8,0.65690376569,0.89406779661,0.830508474576,0.828451882845,0.000500082969666,0.0,0.0868006231876,0.0328079568825
14,0.00799989700317,0.000499963760376,0.751578947368,0.880141479328,8,l1,"{'penalty': 'l1', 'C': 8}",1,0.669456066946,0.902542372881,0.834745762712,0.857740585774,0.000999927520752,0.000499963760376,0.0826431995484,0.0224008935536
15,0.00199997425079,0.000499963760376,0.741052631579,0.861259839728,8,l2,"{'penalty': 'l2', 'C': 8}",9,0.652719665272,0.89406779661,0.830508474576,0.828451882845,1.19209289551e-07,0.000499963760376,0.0888926316713,0.0328079568825
16,0.0120000839233,0.000499963760376,0.751578947368,0.875957378909,9,l1,"{'penalty': 'l1', 'C': 9}",1,0.669456066946,0.902542372881,0.834745762712,0.849372384937,0.00200009346008,0.000499963760376,0.0826431995484,0.0265849939721
17,0.00249993801117,0.0,0.741052631579,0.861259839728,9,l2,"{'penalty': 'l2', 'C': 9}",9,0.652719665272,0.89406779661,0.830508474576,0.828451882845,0.000500082969666,0.0,0.0888926316713,0.0328079568825
18,0.0115000009537,0.0,0.751578947368,0.875957378909,10,l1,"{'penalty': 'l1', 'C': 10}",1,0.665271966527,0.902542372881,0.838983050847,0.849372384937,0.00150001049042,0.0,0.086853809844,0.0265849939721
19,0.00200009346008,0.000499963760376,0.741052631579,0.861259839728,10,l2,"{'penalty': 'l2', 'C': 10}",9,0.652719665272,0.89406779661,0.830508474576,0.828451882845,0.000999927520752,0.000499963760376,0.0888926316713,0.0328079568825
