,mean_fit_time,mean_score_time,mean_test_score,mean_train_score,param_C,param_penalty,params,rank_test_score,split0_test_score,split0_train_score,split1_test_score,split1_train_score,std_fit_time,std_score_time,std_test_score,std_train_score
0,0.00250005722046,0.000499963760376,0.770526315789,0.86764236579,1,l1,"{'penalty': 'l1', 'C': 1}",19,0.686192468619,0.911016949153,0.85593220339,0.824267782427,0.000499963760376,0.000499963760376,0.084868174673,0.0433745833629
1,0.00149989128113,0.000499963760376,0.781052631579,0.863405077654,1,l2,"{'penalty': 'l2', 'C': 1}",1,0.698744769874,0.902542372881,0.864406779661,0.824267782427,0.000499963760376,0.000499963760376,0.0828293528457,0.0391372952273
2,0.00399994850159,0.000499963760376,0.770526315789,0.894945393944,2,l1,"{'penalty': 'l1', 'C': 2}",19,0.686192468619,0.927966101695,0.85593220339,0.861924686192,0.0,0.000499963760376,0.084868174673,0.0330207077512
3,0.00199997425079,0.000499963760376,0.776842105263,0.873945110276,2,l2,"{'penalty': 'l2', 'C': 2}",10,0.694560669456,0.915254237288,0.860169491525,0.832635983264,1.19209289551e-07,0.000499963760376,0.0828027595175,0.0413091270123
4,0.00499999523163,0.000499963760376,0.776842105263,0.894945393944,3,l1,"{'penalty': 'l1', 'C': 3}",10,0.702928870293,0.927966101695,0.851694915254,0.861924686192,1.19209289551e-07,0.000499963760376,0.0743815389264,0.0330207077512
5,0.00149989128113,0.000499963760376,0.776842105263,0.882339904971,3,l2,"{'penalty': 'l2', 'C': 3}",10,0.686192468619,0.919491525424,0.868644067797,0.845188284519,0.000499963760376,0.000499963760376,0.0912239801086,0.0371516204525
6,0.00499987602234,0.0,0.774736842105,0.901274732288,4,l1,"{'penalty': 'l1', 'C': 4}",14,0.702928870293,0.936440677966,0.847457627119,0.866108786611,0.00200009346008,0.0,0.0722629371145,0.0351659456776
7,0.00150001049042,0.00100004673004,0.774736842105,0.892853343734,4,l2,"{'penalty': 'l2', 'C': 4}",14,0.686192468619,0.927966101695,0.864406779661,0.857740585774,0.000500082969666,1.19209289551e-07,0.0891053782967,0.0351127579604
8,0.00750005245209,0.000999927520752,0.774736842105,0.905458832707,5,l1,"{'penalty': 'l1', 'C': 5}",14,0.698744769874,0.936440677966,0.851694915254,0.874476987448,0.000500082969666,0.0,0.0764735474101,0.0309818452592
9,0.00249993801117,0.000500082969666,0.778947368421,0.892853343734,5,l2,"{'penalty': 'l2', 'C': 5}",6,0.690376569038,0.927966101695,0.868644067797,0.857740585774,0.000500082969666,0.000500082969666,0.0891319716249,0.0351127579604
10,0.00649988651276,0.000500082969666,0.774736842105,0.905458832707,6,l1,"{'penalty': 'l1', 'C': 6}",14,0.698744769874,0.936440677966,0.851694915254,0.874476987448,0.000500082969666,0.000500082969666,0.0764735474101,0.0309818452592
11,0.00249993801117,0.000499963760376,0.781052631579,0.894945393944,6,l2,"{'penalty': 'l2', 'C': 6}",1,0.690376569038,0.927966101695,0.872881355932,0.861924686192,0.000499844551086,0.000499963760376,0.0912505734368,0.0330207077512
12,0.00650012493134,0.000499963760376,0.774736842105,0.905458832707,7,l1,"{'penalty': 'l1', 'C': 7}",14,0.698744769874,0.936440677966,0.851694915254,0.874476987448,0.00150001049042,0.000499963760376,0.0764735474101,0.0309818452592
13,0.00149989128113,0.000499963760376,0.778947368421,0.894945393944,7,l2,"{'penalty': 'l2', 'C': 7}",6,0.690376569038,0.927966101695,0.868644067797,0.861924686192,0.000499963760376,0.000499963760376,0.0891319716249,0.0330207077512
14,0.00950002670288,0.000999927520752,0.778947368421,0.909642933125,8,l1,"{'penalty': 'l1', 'C': 8}",6,0.702928870293,0.936440677966,0.85593220339,0.882845188285,0.000499963760376,0.0,0.0765001407382,0.0267977448408
15,0.00249993801117,0.000500082969666,0.778947368421,0.899156088221,8,l2,"{'penalty': 'l2', 'C': 8}",6,0.690376569038,0.932203389831,0.868644067797,0.866108786611,0.000500082969666,0.000500082969666,0.0891319716249,0.0330473016098
16,0.00999999046326,0.000499963760376,0.776842105263,0.911761577193,9,l1,"{'penalty': 'l1', 'C': 9}",10,0.702928870293,0.940677966102,0.851694915254,0.882845188285,0.000999927520752,0.000499963760376,0.0743815389264,0.0289163889086
17,0.00249993801117,0.0,0.781052631579,0.90124813843,9,l2,"{'penalty': 'l2', 'C': 9}",1,0.694560669456,0.932203389831,0.868644067797,0.870292887029,0.000500082969666,0.0,0.0870399631412,0.0309552514006
18,0.00849997997284,0.000500082969666,0.781052631579,0.911761577193,10,l1,"{'penalty': 'l1', 'C': 10}",1,0.707112970711,0.940677966102,0.85593220339,0.882845188285,0.000500082969666,0.000500082969666,0.0744081322546,0.0289163889086
19,0.00249993801117,0.00100004673004,0.781052631579,0.899156088221,10,l2,"{'penalty': 'l2', 'C': 10}",1,0.694560669456,0.932203389831,0.868644067797,0.866108786611,0.000500082969666,1.19209289551e-07,0.0870399631412,0.0330473016098
