,mean_fit_time,mean_score_time,mean_test_score,mean_train_score,param_C,param_penalty,params,rank_test_score,split0_test_score,split0_train_score,split1_test_score,split1_train_score,std_fit_time,std_score_time,std_test_score,std_train_score
0,0.00199997425079,0.000999927520752,0.753684210526,0.880274448621,1,l1,"{'penalty': 'l1', 'C': 1}",2,0.673640167364,0.923728813559,0.834745762712,0.836820083682,1.19209289551e-07,0.0,0.0805511910647,0.0434543649387
1,0.00149989128113,0.0,0.751578947368,0.886577193107,1,l2,"{'penalty': 'l2', 'C': 1}",6,0.648535564854,0.927966101695,0.85593220339,0.845188284519,0.000499963760376,0.0,0.103696251026,0.041388908588
2,0.00349998474121,0.000499963760376,0.755789473684,0.907550882916,2,l1,"{'penalty': 'l1', 'C': 2}",1,0.661087866109,0.936440677966,0.851694915254,0.878661087866,0.000499963760376,0.000499963760376,0.0953016237633,0.02888979505
3,0.00149989128113,0.000499963760376,0.749473684211,0.897064038011,2,l2,"{'penalty': 'l2', 'C': 2}",13,0.644351464435,0.932203389831,0.85593220339,0.861924686192,0.000499963760376,0.000499963760376,0.10578825951,0.035139351819
4,0.00499999523163,0.0,0.753684210526,0.911761577193,3,l1,"{'penalty': 'l1', 'C': 3}",2,0.652719665272,0.940677966102,0.85593220339,0.882845188285,0.00199997425079,0.0,0.101604242542,0.0289163889086
5,0.00199997425079,0.000499963760376,0.751578947368,0.899156088221,3,l2,"{'penalty': 'l2', 'C': 3}",6,0.644351464435,0.932203389831,0.860169491525,0.866108786611,1.19209289551e-07,0.000499963760376,0.107906861322,0.0330473016098
6,0.0074999332428,0.000499963760376,0.751578947368,0.918064321679,4,l1,"{'penalty': 'l1', 'C': 4}",6,0.652719665272,0.944915254237,0.851694915254,0.891213389121,0.000499963760376,0.000499963760376,0.0994856407306,0.026850932558
7,0.0019998550415,0.000500082969666,0.753684210526,0.903366782498,4,l2,"{'penalty': 'l2', 'C': 4}",2,0.648535564854,0.936440677966,0.860169491525,0.870292887029,0.0,0.000500082969666,0.105814852838,0.0330738954684
8,0.0110000371933,0.000499963760376,0.751578947368,0.920182965747,5,l1,"{'penalty': 'l1', 'C': 5}",6,0.652719665272,0.949152542373,0.851694915254,0.891213389121,1.19209289551e-07,0.000499963760376,0.0994856407306,0.0289695766258
9,0.00199997425079,0.000499963760376,0.751578947368,0.909669526984,5,l2,"{'penalty': 'l2', 'C': 5}",6,0.648535564854,0.940677966102,0.85593220339,0.878661087866,1.19209289551e-07,0.000499963760376,0.103696251026,0.0310084391178
10,0.0119999647141,0.000499963760376,0.749473684211,0.922275015956,6,l1,"{'penalty': 'l1', 'C': 6}",13,0.65690376569,0.949152542373,0.843220338983,0.89539748954,0.00199997425079,0.000499963760376,0.0931564286232,0.0268775264166
11,0.00249993801117,0.0,0.749473684211,0.911761577193,6,l2,"{'penalty': 'l2', 'C': 6}",13,0.644351464435,0.940677966102,0.85593220339,0.882845188285,0.000499844551086,0.0,0.10578825951,0.0289163889086
12,0.0130000114441,0.0,0.749473684211,0.922275015956,7,l1,"{'penalty': 'l1', 'C': 7}",13,0.661087866109,0.949152542373,0.838983050847,0.89539748954,0.000999927520752,0.0,0.0889458183276,0.0268775264166
13,0.00199997425079,0.000499963760376,0.751578947368,0.913853627402,7,l2,"{'penalty': 'l2', 'C': 7}",6,0.644351464435,0.940677966102,0.860169491525,0.887029288703,1.19209289551e-07,0.000499963760376,0.107906861322,0.0268243386994
14,0.0129998922348,0.000499963760376,0.749473684211,0.922275015956,8,l1,"{'penalty': 'l1', 'C': 8}",13,0.65690376569,0.949152542373,0.843220338983,0.89539748954,0.00100004673004,0.000499963760376,0.0931564286232,0.0268775264166
15,0.00199997425079,0.000499963760376,0.753684210526,0.920156371889,8,l2,"{'penalty': 'l2', 'C': 8}",2,0.644351464435,0.944915254237,0.864406779661,0.89539748954,1.19209289551e-07,0.000499963760376,0.110025463134,0.0247588823488
16,0.0119999647141,0.000999927520752,0.749473684211,0.924393660024,9,l1,"{'penalty': 'l1', 'C': 9}",13,0.65690376569,0.953389830508,0.843220338983,0.89539748954,0.00199997425079,0.0,0.0931564286232,0.0289961704844
17,0.0019998550415,0.000500082969666,0.749473684211,0.920156371889,9,l2,"{'penalty': 'l2', 'C': 9}",13,0.640167364017,0.944915254237,0.860169491525,0.89539748954,0.0,0.000500082969666,0.109998869805,0.0247588823488
18,0.0150001049042,0.000499963760376,0.749473684211,0.926512304092,10,l1,"{'penalty': 'l1', 'C': 10}",13,0.652719665272,0.957627118644,0.847457627119,0.89539748954,0.0,0.000499963760376,0.0973670389188,0.0311148145522
19,0.00249993801117,0.0,0.751578947368,0.920156371889,10,l2,"{'penalty': 'l2', 'C': 10}",6,0.640167364017,0.944915254237,0.864406779661,0.89539748954,0.000500082969666,0.0,0.112117471617,0.0247588823488
