,mean_fit_time,mean_score_time,mean_test_score,mean_train_score,param_C,param_penalty,params,rank_test_score,split0_test_score,split0_train_score,split1_test_score,split1_train_score,std_fit_time,std_score_time,std_test_score,std_train_score
0,0.00349998474121,0.0,0.764210526316,0.880088291611,1,l1,"{'penalty': 'l1', 'C': 1}",15,0.71129707113,0.89406779661,0.817796610169,0.866108786611,0.000499963760376,0.0,0.053248707464,0.0139795049996
1,0.00200009346008,0.000499963760376,0.757894736842,0.871693496915,1,l2,"{'penalty': 'l2', 'C': 1}",20,0.686192468619,0.889830508475,0.830508474576,0.853556485356,0.0,0.000499963760376,0.0721565638018,0.0181370115595
2,0.00599992275238,0.0,0.783157894737,0.894785830792,2,l1,"{'penalty': 'l1', 'C': 2}",3,0.719665271967,0.902542372881,0.847457627119,0.887029288703,0.00199997425079,0.0,0.0638949031798,0.00775654208921
3,0.00199997425079,0.000499963760376,0.764210526316,0.877969647543,2,l2,"{'penalty': 'l2', 'C': 2}",15,0.682008368201,0.889830508475,0.847457627119,0.866108786611,0.00100004673004,0.000499963760376,0.0827229795329,0.0118608609318
4,0.0090000629425,0.000499963760376,0.787368421053,0.899023118928,3,l1,"{'penalty': 'l1', 'C': 3}",1,0.719665271967,0.911016949153,0.85593220339,0.887029288703,0.000999927520752,0.000499963760376,0.0681321068035,0.0119938302248
5,0.00249993801117,0.0,0.762105263158,0.884272392029,3,l2,"{'penalty': 'l2', 'C': 3}",19,0.677824267782,0.89406779661,0.847457627119,0.874476987448,0.000500082969666,0.0,0.0848149880166,0.00979540458124
6,0.00999999046326,0.000499963760376,0.783157894737,0.905352457273,4,l1,"{'penalty': 'l1', 'C': 4}",3,0.715481171548,0.919491525424,0.851694915254,0.891213389121,0.0,0.000499963760376,0.0681055134753,0.0141390681512
7,0.00200009346008,0.000499963760376,0.764210526316,0.886391036097,4,l2,"{'penalty': 'l2', 'C': 4}",15,0.677824267782,0.898305084746,0.851694915254,0.874476987448,0.0,0.000499963760376,0.0869335898285,0.011914048649
8,0.0130001306534,0.000499963760376,0.783157894737,0.90747110134,5,l1,"{'penalty': 'l1', 'C': 5}",3,0.715481171548,0.923728813559,0.851694915254,0.891213389121,0.00100004673004,0.000499963760376,0.0681055134753,0.016257712219
9,0.00150012969971,0.000999927520752,0.764210526316,0.888483086306,5,l2,"{'penalty': 'l2', 'C': 5}",15,0.677824267782,0.898305084746,0.851694915254,0.878661087866,0.000499963760376,0.0,0.0869335898285,0.00982199843983
10,0.0104999542236,0.0,0.785263157895,0.913800439685,6,l1,"{'penalty': 'l1', 'C': 6}",2,0.715481171548,0.932203389831,0.85593220339,0.89539748954,0.00250005722046,0.0,0.0702241152872,0.0184029501454
11,0.0019998550415,0.0,0.766315789474,0.888456492447,6,l2,"{'penalty': 'l2', 'C': 6}",14,0.682008368201,0.89406779661,0.851694915254,0.882845188285,0.0,0.0,0.0848415813448,0.00561130416283
12,0.0104999542236,0.00100004673004,0.776842105263,0.913827033544,7,l1,"{'penalty': 'l1', 'C': 7}",6,0.698744769874,0.936440677966,0.85593220339,0.891213389121,0.00250005722046,1.19209289551e-07,0.0785921492219,0.0226136444224
13,0.00249993801117,0.0,0.770526315789,0.890548542657,7,l2,"{'penalty': 'l2', 'C': 7}",7,0.690376569038,0.89406779661,0.851694915254,0.887029288703,0.00150001049042,0.0,0.0806575643774,0.00351925395362
14,0.0119999647141,0.000500082969666,0.770526315789,0.911734983335,8,l1,"{'penalty': 'l1', 'C': 8}",7,0.690376569038,0.936440677966,0.851694915254,0.887029288703,0.00199997425079,0.000500082969666,0.0806575643774,0.0247056946316
15,0.00250005722046,0.000499963760376,0.770526315789,0.892667186724,8,l2,"{'penalty': 'l2', 'C': 8}",7,0.690376569038,0.898305084746,0.851694915254,0.887029288703,0.000499963760376,0.000499963760376,0.0806575643774,0.00563789802142
16,0.0130001306534,0.0,0.768421052632,0.911734983335,9,l1,"{'penalty': 'l1', 'C': 9}",12,0.686192468619,0.936440677966,0.851694915254,0.887029288703,0.00199997425079,0.0,0.0827495728611,0.0247056946316
17,0.00150001049042,0.000999927520752,0.770526315789,0.892667186724,9,l2,"{'penalty': 'l2', 'C': 9}",7,0.690376569038,0.898305084746,0.851694915254,0.887029288703,0.000500082969666,0.0,0.0806575643774,0.00563789802142
18,0.0124999284744,0.000999927520752,0.768421052632,0.911734983335,10,l1,"{'penalty': 'l1', 'C': 10}",12,0.686192468619,0.936440677966,0.851694915254,0.887029288703,0.00450003147125,0.0,0.0827495728611,0.0247056946316
19,0.00199997425079,0.000499963760376,0.770526315789,0.892667186724,10,l2,"{'penalty': 'l2', 'C': 10}",7,0.690376569038,0.898305084746,0.851694915254,0.887029288703,1.19209289551e-07,0.000499963760376,0.0806575643774,0.00563789802142
